{
  "camera_angle_x": 0.625274266898849,
  "camera_angle_y": 1.041861635316617,
  "fl_x": 1670.5972150558923,
  "fl_y": 1673.061320426026,
  "k1": 0.09993447426473809,
  "k2": -0.1380915395435723,
  "p1": 0.0007554996898195497,
  "p2": -0.0003877362431206841,
  "cx": 546.3896987338038,
  "cy": 958.1914072272897,
  "w": 1080.0,
  "h": 1920.0,
  "aabb_scale": 16,
  "frames": [
    {
      "file_path": "./images/0011.jpg",
      "sharpness": 875.1535153901243,
      "transform_matrix": [
        [
          0.8218178218489274,
          0.10756043315961362,
          -0.559505335948245,
          -3.8636761205717454
        ],
        [
          -0.5694349759467648,
          0.18773115371993973,
          -0.8003129525951008,
          -5.237158839829137
        ],
        [
          0.018954574385648116,
          0.9763133550169648,
          0.21552948051237528,
          1.0752684936838648
        ],
        [
          0.0,
          0.0,
          0.0,
          1.0
        ]
      ]
    },
    {
      "file_path": "./images/0012.jpg",
      "sharpness": 913.0958670839008,
      "transform_matrix": [
        [
          0.9323008360459022,
          0.043332519066718096,
          -0.3590786041300732,
          -2.7405270629158447
        ],
        [
          -0.35866242040915863,
          0.23882063415588087,
          -0.9024001179563454,
          -6.054489619170336
        ],
        [
          0.04665210963300056,
          0.970096385693056,
          0.23819442305943553,
          1.2080833837507479
        ],
        [
          0.0,
          0.0,
          0.0,
          1.0
        ]
      ]
    },
    {
      "file_path": "./images/0010.jpg",
      "sharpness": 862.3325480559843,
      "transform_matrix": [
        [
          0.6718462048753707,
          0.13919193226485055,
          -0.7274945243996658,
          -4.789970694450982
        ],
        [
          -0.7406324314258655,
          0.13856169513021235,
          -0.6574680662685087,
          -3.946899939323409
        ],
        [
          0.009288623952416742,
          0.9805234636043749,
          0.19618220824251217,
          0.9697256214491852
        ],
        [
          0.0,
          0.0,
          0.0,
          1.0
        ]
      ]
    },
    {
      "file_path": "./images/0001.jpg",
      "sharpness": 1706.5302816602693,
      "transform_matrix": [
        [
          -0.6680867509343943,
          0.10337849151123592,
          -0.7368670034431887,
          -6.206829655272991
        ],
        [
          -0.7429346057357537,
          -0.14768436954579164,
          0.652868668716858,
          6.179500198273311
        ],
        [
          -0.041331160715706375,
          0.9836169043526605,
          0.17546942944609928,
          0.6331807703795497
        ],
        [
          0.0,
          0.0,
          0.0,
          1.0
        ]
      ]
    },
    {
      "file_path": "./images/0002.jpg",
      "sharpness": 1874.34842041169,
      "transform_matrix": [
        [
          -0.6076850884242738,
          0.1160529605804135,
          -0.7856529409935787,
          -6.480831610615304
        ],
        [
          -0.7932339384762427,
          -0.1369188606588923,
          0.5933238107857612,
          5.849908438287673
        ],
        [
          -0.03871372072960808,
          0.9837606090813533,
          0.17526069693947974,
          0.632809042978799
        ],
        [
          0.0,
          0.0,
          0.0,
          1.0
        ]
      ]
    },
    {
      "file_path": "./images/0008.jpg",
      "sharpness": 1135.0826762193517,
      "transform_matrix": [
        [
          0.29694551652434126,
          0.16629047736257052,
          -0.9403035878901971,
          -6.588258427085974
        ],
        [
          -0.954873557525961,
          0.045200761692422056,
          -0.29355302805479466,
          -1.7613245008165834
        ],
        [
          -0.006312634771705667,
          0.9850402876661538,
          0.1722085432299382,
          0.7919285095393934
        ],
        [
          0.0,
          0.0,
          0.0,
          1.0
        ]
      ]
    },
    {
      "file_path": "./images/0006.jpg",
      "sharpness": 1415.5362755211756,
      "transform_matrix": [
        [
          -0.08321481907121202,
          0.16581724808993742,
          -0.9826392696037457,
          -7.556881135081104
        ],
        [
          -0.9964211732171279,
          -0.028526119326844974,
          0.07956824794321198,
          1.1177000910277288
        ],
        [
          -0.014837097150679013,
          0.9857438312241941,
          0.1675976127399983,
          0.7405755764259903
        ],
        [
          0.0,
          0.0,
          0.0,
          1.0
        ]
      ]
    },
    {
      "file_path": "./images/0009.jpg",
      "sharpness": 787.9837955080743,
      "transform_matrix": [
        [
          0.49142218287002687,
          0.15885158335028673,
          -0.8563121000516819,
          -5.788253032143702
        ],
        [
          -0.8709209480916364,
          0.08853804269975334,
          -0.4833815440933395,
          -2.9956220123512494
        ],
        [
          -0.0009697263628421564,
          0.9833245595967847,
          0.18185672978784195,
          0.8518815423929985
        ],
        [
          0.0,
          0.0,
          0.0,
          1.0
        ]
      ]
    },
    {
      "file_path": "./images/0007.jpg",
      "sharpness": 1004.4400750720365,
      "transform_matrix": [
        [
          0.10071611604675816,
          0.168156079338413,
          -0.9806017524941235,
          -7.147230166362968
        ],
        [
          -0.9948664441190006,
          0.007263848676086641,
          -0.10093559762752694,
          -0.3054825046281576
        ],
        [
          -0.009849991621101867,
          0.9857336199645922,
          0.16802442733460643,
          0.7568575354293732
        ],
        [
          0.0,
          0.0,
          0.0,
          1.0
        ]
      ]
    },
    {
      "file_path": "./images/0004.jpg",
      "sharpness": 1521.247081760934,
      "transform_matrix": [
        [
          -0.39318426370231324,
          0.14677137259285117,
          -0.9076697081034691,
          -7.247378660423293
        ],
        [
          -0.91905594157503,
          -0.0919875864077466,
          0.3832420386681389,
          3.8635187416488854
        ],
        [
          -0.027245385653256685,
          0.9848839770136731,
          0.17105917346606547,
          0.6080302735985474
        ],
        [
          0.0,
          0.0,
          0.0,
          1.0
        ]
      ]
    },
    {
      "file_path": "./images/0003.jpg",
      "sharpness": 1345.8564030080522,
      "transform_matrix": [
        [
          -0.5118258279204599,
          0.13225947003367672,
          -0.8488473092992072,
          -7.054384735155765
        ],
        [
          -0.8584234355256088,
          -0.11762954747770603,
          0.49927196486544323,
          4.970797946275128
        ],
        [
          -0.033816079394758045,
          0.9842107102600253,
          0.17374046917279123,
          0.6452438029997386
        ],
        [
          0.0,
          0.0,
          0.0,
          1.0
        ]
      ]
    },
    {
      "file_path": "./images/0005.jpg",
      "sharpness": 1161.5515325173085,
      "transform_matrix": [
        [
          -0.24837339836619943,
          0.1593839849368895,
          -0.9554618780329333,
          -7.416958612251671
        ],
        [
          -0.968452826924524,
          -0.061471388520959395,
          0.24149614989726598,
          2.5728140196564677
        ],
        [
          -0.020242949603985285,
          0.9853009762419463,
          0.16962372844786608,
          0.6819318084889051
        ],
        [
          0.0,
          0.0,
          0.0,
          1.0
        ]
      ]
    },
    {
      "file_path": "./images/0013.jpg",
      "sharpness": 713.7800834167205,
      "transform_matrix": [
        [
          0.9874969080141605,
          -0.013141867065646236,
          -0.15708961785254671,
          -1.4634617254074949
        ],
        [
          -0.14905796772442498,
          0.2464448696901558,
          -0.9576255262164152,
          -6.557935671956128
        ],
        [
          0.05129891776555288,
          0.9690677053618506,
          0.24140464681807175,
          1.4665542795165878
        ],
        [
          0.0,
          0.0,
          0.0,
          1.0
        ]
      ]
    },
    {
      "file_path": "./images/0014.jpg",
      "sharpness": 928.9342587774413,
      "transform_matrix": [
        [
          0.9969514313723347,
          -0.06636975409292747,
          0.041023155301059065,
          -0.0473270839481641
        ],
        [
          0.05670603079693579,
          0.25518312321057934,
          -0.9652284702078315,
          -6.908028336658614
        ],
        [
          0.0535935593175094,
          0.9646121652829163,
          0.25816874526642863,
          1.512421305502848
        ],
        [
          0.0,
          0.0,
          0.0,
          1.0
        ]
      ]
    },
    {
      "file_path": "./images/0015.jpg",
      "sharpness": 888.1306155061894,
      "transform_matrix": [
        [
          0.9664598661977278,
          -0.12259471771991481,
          0.22566759240263456,
          1.1829471554420488
        ],
        [
          0.24966591706822328,
          0.24257766003142237,
          -0.9374556035931315,
          -6.746541877913192
        ],
        [
          0.0601851885874963,
          0.9623547236247102,
          0.265049295483789,
          1.4572906824680496
        ],
        [
          0.0,
          0.0,
          0.0,
          1.0
        ]
      ]
    },
    {
      "file_path": "./images/0017.jpg",
      "sharpness": 1107.1393301114192,
      "transform_matrix": [
        [
          0.7772209962589581,
          -0.2214178868727081,
          0.5889835671660245,
          3.451920772825456
        ],
        [
          0.6256354297345863,
          0.17205524969513122,
          -0.7609055789736108,
          -5.617150138101886
        ],
        [
          0.06714039069091195,
          0.9598807792993943,
          0.2722518273841644,
          1.3415018418386178
        ],
        [
          0.0,
          0.0,
          0.0,
          1.0
        ]
      ]
    },
    {
      "file_path": "./images/0016.jpg",
      "sharpness": 1139.4185223021807,
      "transform_matrix": [
        [
          0.8921683139028397,
          -0.17667493605715634,
          0.41571825396718004,
          2.423033595027135
        ],
        [
          0.44705222736785327,
          0.21363244152580224,
          -0.8686227523690393,
          -6.355069843836099
        ],
        [
          0.06465296365073889,
          0.9608054677922329,
          0.2695790188354468,
          1.423861291612532
        ],
        [
          0.0,
          0.0,
          0.0,
          1.0
        ]
      ]
    },
    {
      "file_path": "./images/0018.jpg",
      "sharpness": 1208.977599385797,
      "transform_matrix": [
        [
          0.6195597275317578,
          -0.25276612973608176,
          0.7431386329101551,
          4.15844589917098
        ],
        [
          0.7820524019145315,
          0.11750656904171115,
          -0.6120345144612005,
          -4.5869825264747455
        ],
        [
          0.06737792440963966,
          0.9603652898424812,
          0.2704786967814171,
          1.3589986932869411
        ],
        [
          0.0,
          0.0,
          0.0,
          1.0
        ]
      ]
    },
    {
      "file_path": "./images/0021.jpg",
      "sharpness": 743.0483651273731,
      "transform_matrix": [
        [
          0.13382720549290392,
          -0.2874670632888408,
          0.9483949423307819,
          5.682207233460855
        ],
        [
          0.9897368335820236,
          -0.009622861653745015,
          -0.14257770086736113,
          -1.0663630178586556
        ],
        [
          0.05011266628197572,
          0.9577421824803559,
          0.28322894029465495,
          1.0561476239809147
        ],
        [
          0.0,
          0.0,
          0.0,
          1.0
        ]
      ]
    },
    {
      "file_path": "./images/0020.jpg",
      "sharpness": 813.7878298585963,
      "transform_matrix": [
        [
          0.3056063053062057,
          -0.28155506875780273,
          0.9095776654351383,
          5.228316016257195
        ],
        [
          0.9502103993863095,
          0.02911540361528235,
          -0.31024585439684726,
          -2.1650476560164957
        ],
        [
          0.060868572017937245,
          0.9591032460447775,
          0.27643440525995683,
          1.1640357059860371
        ],
        [
          0.0,
          0.0,
          0.0,
          1.0
        ]
      ]
    },
    {
      "file_path": "./images/0019.jpg",
      "sharpness": 994.5616530634735,
      "transform_matrix": [
        [
          0.45894872666290315,
          -0.26687884008425766,
          0.8474324463072785,
          4.957845184074946
        ],
        [
          0.8858882531641101,
          0.06490149764435132,
          -0.4593362586486738,
          -3.3864481066079737
        ],
        [
          0.0675874929990419,
          0.9615422405506545,
          0.26621128915109743,
          1.2728620920473055
        ],
        [
          0.0,
          0.0,
          0.0,
          1.0
        ]
      ]
    },
    {
      "file_path": "./images/0022.jpg",
      "sharpness": 1095.9566979885526,
      "transform_matrix": [
        [
          -0.04315061455058145,
          -0.28758314778231947,
          0.9567831298784891,
          5.840386880225784
        ],
        [
          0.9983492770340495,
          -0.04874598426001967,
          0.03037350924922009,
          0.07365329804379801
        ],
        [
          0.03790442599022307,
          0.9565143815827264,
          0.28921184685334766,
          1.0420401557697347
        ],
        [
          0.0,
          0.0,
          0.0,
          1.0
        ]
      ]
    },
    {
      "file_path": "./images/0023.jpg",
      "sharpness": 858.5409407534479,
      "transform_matrix": [
        [
          -0.2264899309984545,
          -0.27999271170197626,
          0.9329021345214333,
          5.558163462938376
        ],
        [
          0.9736500072788727,
          -0.09124779627000762,
          0.20899641863371266,
          1.04214281264824
        ],
        [
          0.026607789921412356,
          0.9556557545025435,
          0.2932816128676155,
          1.0033438286805008
        ],
        [
          0.0,
          0.0,
          0.0,
          1.0
        ]
      ]
    },
    {
      "file_path": "./images/0024.jpg",
      "sharpness": 783.6770786372601,
      "transform_matrix": [
        [
          -0.4155948530405992,
          -0.2627237038310055,
          0.8707796355083406,
          5.136758927348746
        ],
        [
          0.9094291864341083,
          -0.13562233333644683,
          0.39312229339249344,
          2.0749073641749196
        ],
        [
          0.014814621010886781,
          0.9552920172331764,
          0.29529254792397064,
          0.948715697263351
        ],
        [
          0.0,
          0.0,
          0.0,
          1.0
        ]
      ]
    },
    {
      "file_path": "./images/0025.jpg",
      "sharpness": 727.2967358102552,
      "transform_matrix": [
        [
          -0.5975667152953533,
          -0.23450188523929494,
          0.7667612970376738,
          4.3107869763843185
        ],
        [
          0.8018016085444366,
          -0.18109537691127214,
          0.5694898111440786,
          3.0480031480852388
        ],
        [
          0.005310491750157049,
          0.955098597173964,
          0.29624055832761237,
          0.846577683043952
        ],
        [
          0.0,
          0.0,
          0.0,
          1.0
        ]
      ]
    },
    {
      "file_path": "./images/0026.jpg",
      "sharpness": 756.5569931933104,
      "transform_matrix": [
        [
          -0.7707910759448212,
          -0.188006121359563,
          0.6087157100155337,
          3.3341409637711004
        ],
        [
          0.6370873444731956,
          -0.22609335578843895,
          0.7368863616463629,
          3.9336799158014153
        ],
        [
          -0.0009125691373385918,
          0.9557905067753769,
          0.2940470615738153,
          0.8107960683601817
        ],
        [
          0.0,
          0.0,
          0.0,
          1.0
        ]
      ]
    },
    {
      "file_path": "./images/0027.jpg",
      "sharpness": 497.38794070115006,
      "transform_matrix": [
        [
          -0.9034491169997827,
          -0.1297044041308976,
          0.40860305993215323,
          2.305804418105699
        ],
        [
          0.4286578882849895,
          -0.2607219601565739,
          0.8650297534207521,
          4.8042069973793335
        ],
        [
          -0.0056663780114507775,
          0.9566612917238204,
          0.29114784066192273,
          0.7068187453451108
        ],
        [
          0.0,
          0.0,
          0.0,
          1.0
        ]
      ]
    },
    {
      "file_path": "./images/0030.jpg",
      "sharpness": 1274.0711850053367,
      "transform_matrix": [
        [
          -0.963844375676023,
          0.0512210321478321,
          -0.26149651123478757,
          -1.0192811205213248
        ],
        [
          -0.26600699712512416,
          -0.24251751462927837,
          0.9329659868283041,
          6.279627100874746
        ],
        [
          -0.015630003184721315,
          0.9687939208137542,
          0.24737429542965192,
          0.3693808705011412
        ],
        [
          0.0,
          0.0,
          0.0,
          1.0
        ]
      ]
    },
    {
      "file_path": "./images/0028.jpg",
      "sharpness": 886.9904886140041,
      "transform_matrix": [
        [
          -0.9820919611311129,
          -0.061787923507713394,
          0.17798211268216557,
          1.1576552038975707
        ],
        [
          0.1882462539322446,
          -0.2833918450953702,
          0.9403469625696241,
          5.407139690240474
        ],
        [
          -0.007663406886991559,
          0.957011658593052,
          0.2899481980568559,
          0.6876141716275533
        ],
        [
          0.0,
          0.0,
          0.0,
          1.0
        ]
      ]
    },
    {
      "file_path": "./images/0037.jpg",
      "sharpness": 264.95080488040105,
      "transform_matrix": [
        [
          -0.19123305621784667,
          0.11465699079896174,
          -0.9748249549098883,
          -4.118234943139225
        ],
        [
          -0.9814281945532274,
          -0.037634745103262306,
          0.18810190030141705,
          0.8721299224174335
        ],
        [
          -0.015120090846206004,
          0.9926919967776682,
          0.11972461079880767,
          0.7934486326769734
        ],
        [
          0.0,
          0.0,
          0.0,
          1.0
        ]
      ]
    },
    {
      "file_path": "./images/0029.jpg",
      "sharpness": 820.247711211323,
      "transform_matrix": [
        [
          -0.9975433876969584,
          0.008574590010503612,
          -0.06952457200720168,
          0.07240010942270546
        ],
        [
          -0.0691605505079497,
          -0.27832310051532383,
          0.9579942953760079,
          6.207930302296135
        ],
        [
          -0.011135886127794656,
          0.9604492324775917,
          0.2782323919278837,
          0.5986430139594906
        ],
        [
          0.0,
          0.0,
          0.0,
          1.0
        ]
      ]
    },
    {
      "file_path": "./images/0039.jpg",
      "sharpness": 112.9002974491544,
      "transform_matrix": [
        [
          0.026711180543219984,
          0.02330967603457692,
          -0.9993713883645596,
          -2.912824406033008
        ],
        [
          -0.9995332070245969,
          0.015452423343038984,
          -0.026355088084683342,
          0.5097696330106934
        ],
        [
          0.014828381204813092,
          0.9996088643367151,
          0.02371154771129137,
          1.1005749014436668
        ],
        [
          0.0,
          0.0,
          0.0,
          1.0
        ]
      ]
    },
    {
      "file_path": "./images/0031.jpg",
      "sharpness": 990.0666295028708,
      "transform_matrix": [
        [
          -0.9088993047202376,
          0.05448721049246337,
          -0.41344068234315756,
          -2.2814160513643404
        ],
        [
          -0.41519963028724416,
          -0.2106639458057666,
          0.8850028073101693,
          6.144672118971546
        ],
        [
          -0.03887571125070787,
          0.9760388546942566,
          0.21409538352433718,
          0.3730944271393441
        ],
        [
          0.0,
          0.0,
          0.0,
          1.0
        ]
      ]
    },
    {
      "file_path": "./images/0040.jpg",
      "sharpness": 95.35279319487216,
      "transform_matrix": [
        [
          0.1383425527575592,
          -0.007561885880128286,
          -0.9903555705013304,
          -2.898418224282188
        ],
        [
          -0.990337741582141,
          0.008654322792412118,
          -0.13840614254789937,
          0.21525316898805322
        ],
        [
          0.009617468241437947,
          0.9999339581309833,
          -0.006291559877137705,
          1.1213527941228312
        ],
        [
          0.0,
          0.0,
          0.0,
          1.0
        ]
      ]
    },
    {
      "file_path": "./images/0033.jpg",
      "sharpness": 906.8847301017668,
      "transform_matrix": [
        [
          -0.7325431596670138,
          0.06582323217480812,
          -0.6775306792874303,
          -4.7160382137281704
        ],
        [
          -0.6776120870418648,
          -0.16552092712179337,
          0.7165505440508084,
          5.355396310828334
        ],
        [
          -0.06497983336307243,
          0.9840071772269452,
          0.16585384067462505,
          0.3713255102591055
        ],
        [
          0.0,
          0.0,
          0.0,
          1.0
        ]
      ]
    },
    {
      "file_path": "./images/0036.jpg",
      "sharpness": 470.3118283665897,
      "transform_matrix": [
        [
          -0.33584316090688604,
          0.10596146690874415,
          -0.9359388542245566,
          -4.938037452090551
        ],
        [
          -0.9411295032068787,
          -0.07839637638779334,
          0.3288301481963543,
          1.7480180592304027
        ],
        [
          -0.0385308898250429,
          0.9912750252801162,
          0.12605234956062117,
          0.5435913516423139
        ],
        [
          0.0,
          0.0,
          0.0,
          1.0
        ]
      ]
    },
    {
      "file_path": "./images/0041.jpg",
      "sharpness": 112.4402141845369,
      "transform_matrix": [
        [
          0.28687328755100533,
          -0.03709985125437634,
          -0.9572498722753315,
          -3.1185310686359053
        ],
        [
          -0.9578928038974767,
          0.0014554860059886078,
          -0.28712237426211823,
          -0.7608733684083498
        ],
        [
          0.012045461170259094,
          0.9993105036183432,
          -0.03512014048671138,
          1.0058650807257963
        ],
        [
          0.0,
          0.0,
          0.0,
          1.0
        ]
      ]
    },
    {
      "file_path": "./images/0032.jpg",
      "sharpness": 1168.1839198751238,
      "transform_matrix": [
        [
          -0.8298240484271999,
          0.05852028523358206,
          -0.5549481281278728,
          -3.795276857801874
        ],
        [
          -0.5551288757021327,
          -0.18776306257859232,
          0.8102943685431817,
          6.0175515223510585
        ],
        [
          -0.05678010253923419,
          0.9804694837628937,
          0.18829660488154373,
          0.4647990405243099
        ],
        [
          0.0,
          0.0,
          0.0,
          1.0
        ]
      ]
    },
    {
      "file_path": "./images/0034.jpg",
      "sharpness": 953.8188338194227,
      "transform_matrix": [
        [
          -0.6125913024627437,
          0.0773128265136085,
          -0.7866095747243563,
          -5.0224067402844135
        ],
        [
          -0.787683156246984,
          -0.14215674117745888,
          0.5994553413746461,
          4.352334233236625
        ],
        [
          -0.06547626691144734,
          0.9868202408939226,
          0.14798199443837343,
          0.4901699561917311
        ],
        [
          0.0,
          0.0,
          0.0,
          1.0
        ]
      ]
    },
    {
      "file_path": "./images/0038.jpg",
      "sharpness": 156.71951967098605,
      "transform_matrix": [
        [
          -0.06280017063289489,
          0.08368357079825818,
          -0.9945115376864608,
          -3.480509714636346
        ],
        [
          -0.9979510472962821,
          0.006956827729944007,
          0.06360274953324546,
          0.4997459476465584
        ],
        [
          0.012241150636655665,
          0.9964680941058496,
          0.08307521715111038,
          1.0236186382672794
        ],
        [
          0.0,
          0.0,
          0.0,
          1.0
        ]
      ]
    },
    {
      "file_path": "./images/0042.jpg",
      "sharpness": 140.68749487692583,
      "transform_matrix": [
        [
          0.4460530512691075,
          -0.06588700201394797,
          -0.8925780517488032,
          -2.807905038269332
        ],
        [
          -0.8948188155340379,
          -0.012405920374187893,
          -0.44625707894209293,
          -1.5872776319977122
        ],
        [
          0.018329288821252707,
          0.9977499667501044,
          -0.06449062773791751,
          0.7621279126183158
        ],
        [
          0.0,
          0.0,
          0.0,
          1.0
        ]
      ]
    },
    {
      "file_path": "./images/0035.jpg",
      "sharpness": 718.3889528099128,
      "transform_matrix": [
        [
          -0.47858161778277014,
          0.09412801545527105,
          -0.8729831337840589,
          -5.195104462251169
        ],
        [
          -0.876275762674759,
          -0.11425160417467656,
          0.4680676860159027,
          2.955361287721021
        ],
        [
          -0.0556814410688471,
          0.9889825517641563,
          0.13716081609232258,
          0.5674821180978186
        ],
        [
          0.0,
          0.0,
          0.0,
          1.0
        ]
      ]
    },
    {
      "file_path": "./images/0043.jpg",
      "sharpness": 162.51771914341575,
      "transform_matrix": [
        [
          0.6183488921131104,
          -0.08921182192401608,
          -0.7808238588158304,
          -2.2423676622441837
        ],
        [
          -0.7855701470195713,
          -0.04121799012107467,
          -0.6173982680588171,
          -2.3993048115419495
        ],
        [
          0.02289523424728876,
          0.9951594486130645,
          -0.09556924259122868,
          0.6247954415938377
        ],
        [
          0.0,
          0.0,
          0.0,
          1.0
        ]
      ]
    },
    {
      "file_path": "./images/0045.jpg",
      "sharpness": 108.27430601865223,
      "transform_matrix": [
        [
          0.711144052751515,
          -0.007286029069538033,
          -0.7030085704037369,
          -1.775294137375116
        ],
        [
          -0.7012022348048851,
          -0.07972850623604881,
          -0.7084905018403584,
          -2.8410167566547564
        ],
        [
          -0.05088774079752972,
          0.996789987468795,
          -0.061807432910941505,
          0.11912040613505157
        ],
        [
          0.0,
          0.0,
          0.0,
          1.0
        ]
      ]
    },
    {
      "file_path": "./images/0044.jpg",
      "sharpness": 158.99781335212907,
      "transform_matrix": [
        [
          0.7520025853274837,
          -0.07417475585234642,
          -0.6549734477821086,
          -1.689999007813978
        ],
        [
          -0.6591430952427483,
          -0.09176917112524852,
          -0.7463972127659603,
          -3.028697571139278
        ],
        [
          -0.004742539386223508,
          0.993013859354144,
          -0.11790243210093791,
          0.35848536226219446
        ],
        [
          0.0,
          0.0,
          0.0,
          1.0
        ]
      ]
    },
    {
      "file_path": "./images/0046.jpg",
      "sharpness": 107.24642116573047,
      "transform_matrix": [
        [
          0.5155397631160408,
          0.016544053838590207,
          -0.856705927943422,
          -2.331294619949106
        ],
        [
          -0.8566199630007901,
          -0.013990039288461759,
          -0.5157581970160359,
          -1.8752253017063818
        ],
        [
          -0.020518080969714095,
          0.9997652590122553,
          0.006959545246338623,
          -0.02868006969655192
        ],
        [
          0.0,
          0.0,
          0.0,
          1.0
        ]
      ]
    },
    {
      "file_path": "./images/0047.jpg",
      "sharpness": 131.51756598853711,
      "transform_matrix": [
        [
          0.28567693969796587,
          -0.0609924548413647,
          -0.9563830857045655,
          -2.7690456000658394
        ],
        [
          -0.958291681044465,
          -0.009737731541314356,
          -0.28562603282159343,
          -1.067381423675072
        ],
        [
          0.00810803116914425,
          0.9980907258768648,
          -0.06123040742728296,
          -0.3396901473362854
        ],
        [
          0.0,
          0.0,
          0.0,
          1.0
        ]
      ]
    },
    {
      "file_path": "./images/0048.jpg",
      "sharpness": 96.57794970629428,
      "transform_matrix": [
        [
          0.03662413110926205,
          -0.1773158674454829,
          -0.9834722956022223,
          -2.8612785568162193
        ],
        [
          -0.999293270922118,
          0.0018366823319487537,
          -0.037544444166690144,
          -0.49894806422281224
        ],
        [
          0.008463551874468843,
          0.9841522797792144,
          -0.17712328627145793,
          -1.0081335994750573
        ],
        [
          0.0,
          0.0,
          0.0,
          1.0
        ]
      ]
    },
    {
      "file_path": "./images/0049.jpg",
      "sharpness": 81.67062305868478,
      "transform_matrix": [
        [
          -0.2714047187130817,
          -0.22951613040873972,
          -0.9346987881596021,
          -2.734833682752804
        ],
        [
          -0.9624653113774462,
          0.06477684899404171,
          0.263561158423464,
          0.47395241269479965
        ],
        [
          5.530504813009384e-05,
          0.9711469022557674,
          -0.23848205640034184,
          -1.4734011535613187
        ],
        [
          0.0,
          0.0,
          0.0,
          1.0
        ]
      ]
    },
    {
      "file_path": "./images/0050.jpg",
      "sharpness": 137.2555345984208,
      "transform_matrix": [
        [
          -0.999987666073447,
          0.0023631236125509123,
          0.004368454226535538,
          -0.25689092948057934
        ],
        [
          0.004856087505187337,
          0.2806350849378212,
          0.9598022543816428,
          2.9525414129226286
        ],
        [
          0.001042189847798153,
          0.9598116298471184,
          -0.2806430991403434,
          -1.6744949976321184
        ],
        [
          0.0,
          0.0,
          0.0,
          1.0
        ]
      ]
    },
    {
      "file_path": "./images/0055.jpg",
      "sharpness": 210.9528088663549,
      "transform_matrix": [
        [
          -0.8755495552675444,
          0.17237309492240246,
          0.4513319094216974,
          1.7662710684881717
        ],
        [
          0.47888338317098755,
          0.18607309060424454,
          0.8579321128595745,
          2.811406709231182
        ],
        [
          0.06390369025251066,
          0.9672974315808293,
          -0.2454628225898976,
          -1.6593434337403437
        ],
        [
          0.0,
          0.0,
          0.0,
          1.0
        ]
      ]
    },
    {
      "file_path": "./images/0051.jpg",
      "sharpness": 187.59256764150993,
      "transform_matrix": [
        [
          -0.7015264724040445,
          -0.14067547794968682,
          -0.6986207973318013,
          -2.303837849271265
        ],
        [
          -0.7126402791913672,
          0.13558146545316913,
          0.6883033478776784,
          2.4037594253751218
        ],
        [
          -0.002107370938754815,
          0.9807283396399528,
          -0.1953649990641764,
          -1.3820309843280807
        ],
        [
          0.0,
          0.0,
          0.0,
          1.0
        ]
      ]
    },
    {
      "file_path": "./images/0053.jpg",
      "sharpness": 239.6469258272387,
      "transform_matrix": [
        [
          -0.9935649092540909,
          0.02572597018508434,
          -0.11030387845177153,
          -0.21594378188206143
        ],
        [
          -0.10034393440688302,
          0.2517714074665439,
          0.9625706484253828,
          3.376005746718739
        ],
        [
          0.05253442652924994,
          0.9674447440976068,
          -0.2475697905474658,
          -1.7917399268441223
        ],
        [
          0.0,
          0.0,
          0.0,
          1.0
        ]
      ]
    },
    {
      "file_path": "./images/0054.jpg",
      "sharpness": 143.8144823477264,
      "transform_matrix": [
        [
          -0.9787089152650021,
          0.11008460404665106,
          0.17323463619395496,
          0.6819797484174497
        ],
        [
          0.19499240420393152,
          0.2351590265889249,
          0.9521965104517655,
          3.122481583145716
        ],
        [
          0.06408448740882852,
          0.9657026520662211,
          -0.2516178974365148,
          -1.6498207850079676
        ],
        [
          0.0,
          0.0,
          0.0,
          1.0
        ]
      ]
    },
    {
      "file_path": "./images/0052.jpg",
      "sharpness": 243.02055304298366,
      "transform_matrix": [
        [
          -0.9113604293464809,
          -0.06369471502030868,
          -0.40665114182114026,
          -1.2983448386175058
        ],
        [
          -0.41070681595730557,
          0.206104623869783,
          0.8881670987746095,
          3.2509888519613375
        ],
        [
          0.02724113038440087,
          0.9764547441334099,
          -0.2139954520995593,
          -1.5261652335668174
        ],
        [
          0.0,
          0.0,
          0.0,
          1.0
        ]
      ]
    },
    {
      "file_path": "./images/0057.jpg",
      "sharpness": 132.18249886904113,
      "transform_matrix": [
        [
          -0.42227328392597485,
          0.24626228129467806,
          0.8723761588549239,
          3.4283285423331735
        ],
        [
          0.9005932084979206,
          0.00458014162405568,
          0.43463880994467674,
          1.3092569142738524
        ],
        [
          0.10303953851917486,
          0.9691924015172637,
          -0.22371620948762755,
          -1.4998941150933383
        ],
        [
          0.0,
          0.0,
          0.0,
          1.0
        ]
      ]
    },
    {
      "file_path": "./images/0056.jpg",
      "sharpness": 212.70761992272696,
      "transform_matrix": [
        [
          -0.6874042165895571,
          0.21824113623451763,
          0.6927093542854186,
          2.7487322919747452
        ],
        [
          0.7226580230210773,
          0.11046084809336336,
          0.6823223452311691,
          2.174803831502901
        ],
        [
          0.07239354114487781,
          0.9696232296812889,
          -0.23364496080054667,
          -1.645054122044912
        ],
        [
          0.0,
          0.0,
          0.0,
          1.0
        ]
      ]
    },
    {
      "file_path": "./images/0058.jpg",
      "sharpness": 181.0107977056305,
      "transform_matrix": [
        [
          -0.10623681361036486,
          0.2754589311341527,
          0.9554245740700331,
          3.7813000446832796
        ],
        [
          0.9841688210167888,
          -0.10795845986750956,
          0.1405585382730597,
          0.5552113631016335
        ],
        [
          0.141864270250648,
          0.9552315678648325,
          -0.2596289287142372,
          -1.5514367726096825
        ],
        [
          0.0,
          0.0,
          0.0,
          1.0
        ]
      ]
    },
    {
      "file_path": "./images/0063.jpg",
      "sharpness": 70.17259032195085,
      "transform_matrix": [
        [
          0.46948363148416716,
          -0.04878374963844187,
          0.8815924600313968,
          2.403110861192883
        ],
        [
          0.8786711953775029,
          -0.07226400056291853,
          -0.47192673651374356,
          -1.431356270581372
        ],
        [
          0.08672975378974693,
          0.9961917787445252,
          0.008938110199953577,
          1.043381272665873
        ],
        [
          0.0,
          0.0,
          0.0,
          1.0
        ]
      ]
    },
    {
      "file_path": "./images/0064.jpg",
      "sharpness": 35.85035429925809,
      "transform_matrix": [
        [
          0.6378337295327052,
          0.04844819551734142,
          0.7686487532456362,
          1.5289966225452871
        ],
        [
          0.7665722826469055,
