{
  "camera_angle_x": 0.4284167417342926,
  "camera_angle_y": 0.6312458724720446,
  "fl_x": 2482.2339144513494,
  "fl_y": 2480.5638478110955,
  "k1": -0.03670125379208524,
  "k2": -0.10852741139817078,
  "p1": -0.0004575845037397833,
  "p2": -0.00040057551599836374,
  "cx": 546.5900157555213,
  "cy": 806.5702393661362,
  "w": 1080.0,
  "h": 1620.0,
  "aabb_scale": 16,
  "frames": [
    {
      "file_path": "./images/IMG_0008.JPG",
      "sharpness": 24.486931235049507,
      "transform_matrix": [
        [
          0.9056617384627764,
          -0.23794196117832367,
          0.35094221552660365,
          1.3436373890428726
        ],
        [
          0.4226810057606578,
          0.5719186104862056,
          -0.7030290679258804,
          -2.792984922964634
        ],
        [
          -0.033430269077272826,
          0.7850431364702768,
          0.6185383504956697,
          2.435873585699838
        ],
        [
          0.0,
          0.0,
          0.0,
          1.0
        ]
      ]
    },
    {
      "file_path": "./images/IMG_0007.JPG",
      "sharpness": 26.973647690889006,
      "transform_matrix": [
        [
          0.9932716787872139,
          -0.04652579343505224,
          0.10605056674999712,
          0.41802150843218916
        ],
        [
          0.1118258780817962,
          0.6233884199082511,
          -0.7738745705316689,
          -3.056204867843888
        ],
        [
          -0.030105566823459044,
          0.7805268915906156,
          0.6243968500831041,
          2.4734801405699214
        ],
        [
          0.0,
          0.0,
          0.0,
          1.0
        ]
      ]
    },
    {
      "file_path": "./images/IMG_0006.JPG",
      "sharpness": 38.036162963383404,
      "transform_matrix": [
        [
          0.9803445680874547,
          0.1453833266788687,
          -0.13337247163014276,
          -0.6180103180000481
        ],
        [
          -0.19501377731480665,
          0.6116021917770679,
          -0.7667544493975519,
          -2.8776813198832487
        ],
        [
          -0.02990241662752026,
          0.7776930290061838,
          0.6279326382332693,
          2.48920945487991
        ],
        [
          0.0,
          0.0,
          0.0,
          1.0
        ]
      ]
    },
    {
      "file_path": "./images/IMG_0009.JPG",
      "sharpness": 33.83686542524109,
      "transform_matrix": [
        [
          0.7530169629543194,
          -0.3841019727060257,
          0.5342575484819277,
          2.182126342381764
        ],
        [
          0.6574499156677543,
          0.47242490491920347,
          -0.5870045294549182,
          -2.2242053756921742
        ],
        [
          -0.026926973792935197,
          0.7932719482048763,
          0.6082717766896363,
          2.4262460146381706
        ],
        [
          0.0,
          0.0,
          0.0,
          1.0
        ]
      ]
    },
    {
      "file_path": "./images/IMG_0010.JPG",
      "sharpness": 47.872246227645135,
      "transform_matrix": [
        [
          0.4114450318047329,
          -0.5388612395725036,
          0.7350792816649875,
          3.038435868913787
        ],
        [
          0.9110840417358381,
          0.26552807043046367,
          -0.3153105020575912,
          -1.3185898058650372
        ],
        [
          -0.025275575284933408,
          0.7994519424830652,
          0.6001980814678116,
          2.403639327828613
        ],
        [
          0.0,
          0.0,
          0.0,
          1.0
        ]
      ]
    },
    {
      "file_path": "./images/IMG_0011.JPG",
      "sharpness": 45.44560127702584,
      "transform_matrix": [
        [
          0.1431325142838708,
          -0.5885485449915345,
          0.7956907022120165,
          3.2919287249313545
        ],
        [
          0.9895270953546254,
          0.10028187749557853,
          -0.10382520216713215,
          -0.4765234157003384
        ],
        [
          -0.018687185854678788,
          0.8022182715927517,
          0.5967383294637134,
          2.391002773026057
        ],
        [
          0.0,
          0.0,
          0.0,
          1.0
        ]
      ]
    },
    {
      "file_path": "./images/IMG_0005.JPG",
      "sharpness": 49.409715905078734,
      "transform_matrix": [
        [
          0.8582346787495718,
          0.3382886646186279,
          -0.3859974295583984,
          -1.5157589086581695
        ],
        [
          -0.5128762304580606,
          0.5362621058136083,
          -0.6703588039994176,
          -2.443902605472636
        ],
        [
          -0.01977899020667676,
          0.7732940794358004,
          0.6337389512248044,
          2.520025961190414
        ],
        [
          0.0,
          0.0,
          0.0,
          1.0
        ]
      ]
    },
    {
      "file_path": "./images/IMG_0012.JPG",
      "sharpness": 44.528211003270165,
      "transform_matrix": [
        [
          0.009280140689501289,
          -0.591803580809027,
          0.8060287840852359,
          3.214771878866619
        ],
        [
          0.9998790708368118,
          0.015551040010879463,
          -9.411237687439317e-05,
          0.03317941614417161
        ],
        [
          -0.012478889829597304,
          0.8059321850749689,
          0.5918763303363969,
          2.3822377473765437
        ],
        [
          0.0,
          0.0,
          0.0,
          1.0
        ]
      ]
    },
    {
      "file_path": "./images/IMG_0004.JPG",
      "sharpness": 75.2970941712133,
      "transform_matrix": [
        [
          0.624292809070738,
          0.5041006832703593,
          -0.5967754935588847,
          -2.169753343805389
        ],
        [
          -0.7811549284765738,
          0.39555361914827364,
          -0.48304690465368544,
          -1.743898638529293
        ],
        [
          -0.007447568391340788,
          0.7677368270067373,
          0.6407220132212224,
          2.532284368287186
        ],
        [
          0.0,
          0.0,
          0.0,
          1.0
        ]
      ]
    },
    {
      "file_path": "./images/IMG_0001.JPG",
      "sharpness": 53.45178832612619,
      "transform_matrix": [
        [
          -0.3243151842167788,
          0.604919033690782,
          -0.7272500422884647,
          -2.7206444100667975
        ],
        [
          -0.9458345950115034,
          -0.19540845221700262,
          0.25925365124068417,
          0.9758129316844029
        ],
        [
          0.014716663050983141,
          0.7719381448810039,
          0.6355272774239439,
          2.5081828974477363
        ],
        [
          0.0,
          0.0,
          0.0,
          1.0
        ]
      ]
    },
    {
      "file_path": "./images/IMG_0003.JPG",
      "sharpness": 87.88692900901329,
      "transform_matrix": [
        [
          0.2801686677728832,
          0.6102184645082133,
          -0.7410390969544945,
          -2.7159238093578675
        ],
        [
          -0.9599424254727824,
          0.18131758378217933,
          -0.21362226847608673,
          -0.8518990977892019
        ],
        [
          0.004007165893678121,
          0.7712051344662245,
          0.636574098780343,
          2.5543948520611894
        ],
        [
          0.0,
          0.0,
          0.0,
          1.0
        ]
      ]
    },
    {
      "file_path": "./images/IMG_0002.JPG",
      "sharpness": 88.91461419753063,
      "transform_matrix": [
        [
          0.006202067300638027,
          0.6373174172672439,
          -0.7705764362167681,
          -3.217559450362385
        ],
        [
          -0.9999698490884149,
          0.007553624230591582,
          -0.0018010205778313914,
          -0.03637206692734858
        ],
        [
          0.0046728230570212345,
          0.7705643726856035,
          0.6373450496519861,
          2.5814547048347074
        ],
        [
          0.0,
          0.0,
          0.0,
          1.0
        ]
      ]
    },
    {
      "file_path": "./images/IMG_0014.JPG",
      "sharpness": 49.23193352012861,
      "transform_matrix": [
        [
          -0.5273597165691408,
          0.21503516993366928,
          0.8219802948217434,
          3.684772352830854
        ],
        [
          0.8496419813177146,
          0.13291943365093217,
          0.5103341334267868,
          2.247205537220927
        ],
        [
          0.00048263184444856735,
          0.9675186302559737,
          -0.2527992626921207,
          -1.0199842200625748
        ],
        [
          0.0,
          0.0,
          0.0,
          1.0
        ]
      ]
    },
    {
      "file_path": "./images/IMG_0013.JPG",
      "sharpness": 51.63722507978013,
      "transform_matrix": [
        [
          -0.22424911359414365,
          0.2441010310846257,
          0.9434654321803159,
          3.7640856872172326
        ],
        [
          0.9744332818539221,
          0.0699336627743483,
          0.2135159526274432,
          0.7719916961205195
        ],
        [
          -0.013860529183978003,
          0.9672248805101072,
          -0.2535427307112576,
          -1.0111227322270602
        ],
        [
          0.0,
          0.0,
          0.0,
          1.0
        ]
      ]
    },
    {
      "file_path": "./images/IMG_0020.JPG",
      "sharpness": 77.81276063076317,
      "transform_matrix": [
        [
          -0.6575129836587441,
          -0.12897530515950023,
          -0.7423220642165476,
          -3.7769618623394923
        ],
        [
          -0.7532932528165011,
          0.13218762816364166,
          0.6442636930804431,
          3.3892240351955927
        ],
        [
          0.01503168658408727,
          0.9827979454914667,
          -0.18407130895324933,
          -0.8334085914353655
        ],
        [
          0.0,
          0.0,
          0.0,
          1.0
        ]
      ]
    },
    {
      "file_path": "./images/IMG_0015.JPG",
      "sharpness": 50.9770850269349,
      "transform_matrix": [
        [
          -0.7843373992360604,
          0.16511554363965986,
          0.5979562705179362,
          2.6828324973273117
        ],
        [
          0.6202226248739475,
          0.19042803975585385,
          0.7609606147950488,
          3.317820106121105
        ],
        [
          0.011778785145802724,
          0.967715877189893,
          -0.2517682293274062,
          -1.0031392143753597
        ],
        [
          0.0,
          0.0,
          0.0,
          1.0
        ]
      ]
    },
    {
      "file_path": "./images/IMG_0019.JPG",
      "sharpness": 87.01843735663844,
      "transform_matrix": [
        [
          -0.7942187326904738,
          -0.11355865821353885,
          -0.5969263236211024,
          -2.7413290164946327
        ],
        [
          -0.6073985008448398,
          0.17560202489105625,
          0.7747457583140726,
          3.605944649809947
        ],
        [
          0.016842382367862896,
          0.9778897484078024,
          -0.20844177642371073,
          -0.8448739845164713
        ],
        [
          0.0,
          0.0,
          0.0,
          1.0
        ]
      ]
    },
    {
      "file_path": "./images/IMG_0016.JPG",
      "sharpness": 56.50074074048463,
      "transform_matrix": [
        [
          -0.9269274677589698,
          0.10725009894127177,
          0.3595871046555448,
          1.517685997098724
        ],
        [
          0.3748480953601287,
          0.22083824132468782,
          0.90039956495633,
          3.8067425703583324
        ],
        [
          0.017157358633077584,
          0.9693956300124437,
          -0.2449035271307582,
          -0.9613285190460346
        ],
        [
          0.0,
          0.0,
          0.0,
          1.0
        ]
      ]
    },
    {
      "file_path": "./images/IMG_0017.JPG",
      "sharpness": 66.71075788704538,
      "transform_matrix": [
        [
          -0.9988178749313861,
          0.03679333713956416,
          0.03176638322521126,
          0.17824709317882767
        ],
        [
          0.03973327628590109,
          0.24151531705818585,
          0.9695832189048642,
          4.249453066766232
        ],
        [
          0.028002134141601884,
          0.9696992327569807,
          -0.2426917355774837,
          -0.9154364971522968
        ],
        [
          0.0,
          0.0,
          0.0,
          1.0
        ]
      ]
    },
    {
      "file_path": "./images/IMG_0018.JPG",
      "sharpness": 86.99143231432188,
      "transform_matrix": [
        [
          -0.9351400637045474,
          -0.05957242437708939,
          -0.34923371479858223,
          -1.5086230184275244
        ],
        [
          -0.35378134796560984,
          0.20921465126932884,
          0.9116293037885164,
          4.002866235030422
        ],
        [
          0.018756842093197765,
          0.9760534595962054,
          -0.21672061491363087,
          -0.8880813097888482
        ],
        [
          0.0,
          0.0,
          0.0,
          1.0
        ]
      ]
    },
    {
      "file_path": "./images/IMG_0023.JPG",
      "sharpness": 69.66182326886816,
      "transform_matrix": [
        [
          0.1691947614651962,
          -0.1714336508107392,
          -0.9705584145768679,
          -4.246077232354207
        ],
        [
          -0.985571754044713,
          -0.03405721820582899,
          -0.1657963314351479,
          -0.8235499245091417
        ],
        [
          -0.0046314493177931244,
          0.9846068298063545,
          -0.17472246684233236,
          -0.7846992294452352
        ],
        [
          0.0,
          0.0,
          0.0,
          1.0
        ]
      ]
    },
    {
      "file_path": "./images/IMG_0024.JPG",
      "sharpness": 74.27760686863608,
      "transform_matrix": [
        [
          0.40266500928895377,
          -0.1584911107136221,
          -0.9015217458068416,
          -4.116155544397993
        ],
        [
          -0.9152896524562001,
          -0.08078090320436765,
          -0.39461284543732267,
          -1.8513264189904033
        ],
        [
          -0.010283112709430945,
          0.9840503104748114,
          -0.17759291678162495,
          -0.7796130624703613
        ],
        [
          0.0,
          0.0,
          0.0,
          1.0
        ]
      ]
    },
    {
      "file_path": "./images/IMG_0021.JPG",
      "sharpness": 84.24065099084342,
      "transform_matrix": [
        [
          -0.24937318000412972,
          -0.1719838590716563,
          -0.9530134150981167,
          -4.063121737332287
        ],
        [
          -0.9683883909217683,
          0.0504628973215335,
          0.2442896238523249,
          1.063367286770231
        ],
        [
          0.0060779458708540846,
          0.9838064079157915,
          -0.17913126572821003,
          -0.803761008180355
        ],
        [
          0.0,
          0.0,
          0.0,
          1.0
        ]
      ]
    },
    {
      "file_path": "./images/IMG_0025.JPG",
      "sharpness": 75.53001257177286,
      "transform_matrix": [
        [
          0.6320537857444557,
          -0.12622293398914633,
          -0.7645755573550598,
          -3.3839483952197695
        ],
        [
          -0.7747080466443406,
          -0.12624224705855627,
          -0.6195888455436905,
          -2.784003546080412
        ],
        [
          -0.018315414455078165,
          0.9839363119814721,
          -0.17757781280669638,
          -0.7848619599427046
        ],
        [
          0.0,
          0.0,
          0.0,
          1.0
        ]
      ]
    },
    {
      "file_path": "./images/IMG_0029.JPG",
      "sharpness": 62.62513888630128,
      "transform_matrix": [
        [
          0.9047620547228267,
          0.13842707488434955,
          0.4027946987191096,
          1.690411488068449
        ],
        [
          0.4226334509180266,
          -0.17457742223688516,
          -0.8893276616693592,
          -3.640859555372861
        ],
        [
          -0.05278816662556295,
          0.9748644360249603,
          -0.21645493961011958,
          -0.9214095678928312
        ],
        [
          0.0,
          0.0,
          0.0,
          1.0
        ]
      ]
    },
    {
      "file_path": "./images/IMG_0026.JPG",
      "sharpness": 76.27348420288214,
      "transform_matrix": [
        [
          0.8370980970360917,
          -0.07998543257807957,
          -0.541173822867827,
          -2.0722187236568557
        ],
        [
          -0.5465686354618817,
          -0.16389647842478647,
          -0.8212190152994119,
          -3.1698770997316816
        ],
        [
          -0.023010925603648154,
          0.9832295128695492,
          -0.1809149589413349,
          -0.797948251521796
        ],
        [
          0.0,
          0.0,
          0.0,
          1.0
        ]
      ]
    },
    {
      "file_path": "./images/IMG_0028.JPG",
      "sharpness": 68.04996170541474,
      "transform_matrix": [
        [
          0.9968290987327866,
          0.0477177329100832,
          0.0636770439721333,
          0.23845170150569578
        ],
        [
          0.07211863823623148,
          -0.20362091454553904,
          -0.9763899964556355,
          -3.674077418361596
        ],
        [
          -0.03362513913778498,
          0.9778862618767588,
          -0.20641659064677084,
          -0.8402867632717065
        ],
        [
          0.0,
          0.0,
          0.0,
          1.0
        ]
      ]
    },
    {
      "file_path": "./images/IMG_0030.JPG",
      "sharpness": 64.95694787378795,
      "transform_matrix": [
        [
          0.7635515791837963,
          0.17592239025303386,
          0.6213214132613786,
          2.5661261718028543
        ],
        [
          0.6444235029312271,
          -0.14602249211974344,
          -0.7505969495441823,
          -3.0377419727136377
        ],
        [
          -0.041319908308661016,
          0.9735136077350789,
          -0.22486422742527803,
          -0.9282549519647553
        ],
        [
          0.0,
          0.0,
          0.0,
          1.0
        ]
      ]
    },
    {
      "file_path": "./images/IMG_0034.JPG",
      "sharpness": 57.07979595296061,
      "transform_matrix": [
        [
          -0.1615116098357437,
          -0.24811243567036798,
          0.9551723505197953,
          4.2086977821616145
        ],
        [
          0.9868708120491962,
          -0.040591805691669015,
          0.1563275587863361,
          0.6868390123660557
        ],
        [
          -1.4640918526168112e-05,
          0.9678804288856832,
          0.2514109687529211,
          1.0798695365828168
        ],
        [
          0.0,
          0.0,
          0.0,
          1.0
        ]
      ]
    },
    {
      "file_path": "./images/IMG_0033.JPG",
      "sharpness": 57.573744780700046,
      "transform_matrix": [
        [
          0.015400012009012427,
          0.2335566366418687,
          0.9722212387899097,
          3.779633794464891
        ],
        [
          0.9996485544056052,
          0.01738713988736222,
          -0.020011372800656693,
          -0.10608273564241143
        ],
        [
          -0.021577935606212705,
          0.9721877313002071,
          -0.23320679202781164,
          -0.9970916062667319
        ],
        [
          0.0,
          0.0,
          0.0,
          1.0
        ]
      ]
    },
    {
      "file_path": "./images/IMG_0031.JPG",
      "sharpness": 66.46852935234861,
      "transform_matrix": [
        [
          0.5463862338078062,
          0.20798473654403143,
          0.8112979926719639,
          2.8849388793700266
        ],
        [
          0.8369086698536093,
          -0.09817756571339509,
          -0.538465452851434,
          -1.9000584901416513
        ],
        [
          -0.03234133336067094,
          0.9731924347211065,
          -0.2277070995854791,
          -0.9406164967156656
        ],
        [
          0.0,
          0.0,
          0.0,
          1.0
        ]
      ]
    },
    {
      "file_path": "./images/IMG_0032.JPG",
      "sharpness": 59.11121341443169,
      "transform_matrix": [
        [
          0.2378787476592147,
          0.22815320567418376,
          0.944118539271528,
          3.559711553119907
        ],
        [
          0.9708860149571106,
          -0.02765332980231351,
          -0.23794041126212986,
          -0.8866248048826998
        ],
        [
          -0.028178846249934584,
          0.9732324532890162,
          -0.22808889611867994,
          -0.980496540062773
        ],
        [
          0.0,
          0.0,
          0.0,
          1.0
        ]
      ]
    },
    {
      "file_path": "./images/IMG_0027.JPG",
      "sharpness": 76.56064585766573,
      "transform_matrix": [
        [
          0.9429999633379583,
          -0.038848627731732824,
          -0.33051755371159486,
          -1.2015115564873533
        ],
        [
          -0.3314668162568489,
          -0.19821330796512948,
          -0.9224105562416955,
          -3.3288365732679956
        ],
        [
          -0.02967859334646354,
          0.9793887219642496,
          -0.19979217309439745,
          -0.809438776069562
        ],
        [
          0.0,
          0.0,
          0.0,
          1.0
        ]
      ]
    },
    {
      "file_path": "./images/IMG_0035.JPG",
      "sharpness": 52.96641517606399,
      "transform_matrix": [
        [
          -0.5085232064463742,
          -0.2423774319817581,
          0.8262307964575961,
          3.1927704664654697
        ],
        [
          0.8609659464112771,
          -0.1564009060723818,
          0.4840210694793332,
          1.821169778458561
        ],
        [
          0.011907461345408824,
          0.9574925258654912,
          0.28821220536195513,
          1.068297777092703
        ],
        [
          0.0,
          0.0,
          0.0,
          1.0
        ]
      ]
    },
    {
      "file_path": "./images/IMG_0036.JPG",
      "sharpness": 50.233632749992736,
      "transform_matrix": [
        [
          -0.7968144310068045,
          -0.16031970422659675,
          0.5825670390775002,
          2.264483262450096
        ],
        [
          0.603728673323193,
          -0.25028255192800697,
          0.7568819810299803,
          2.8830537952467528
        ],
        [
          0.0244632698762926,
          0.9548069106777867,
          0.2962183515457359,
          1.079450925336053
        ],
        [
          0.0,
          0.0,
          0.0,
          1.0
        ]
      ]
    },
    {
      "file_path": "./images/IMG_0037.JPG",
      "sharpness": 57.29230852188479,
      "transform_matrix": [
        [
          -0.912948705622191,
          -0.08771980787632165,
          0.398534686385557,
          1.4863920723597128
        ],
        [
          0.4065054674849121,
          -0.28104865571728177,
          0.8693474322872459,
          3.4248451607312553
        ],
        [
          0.03574864812735857,
          0.95567614204073,
          0.2922415879623999,
          1.088101753200405
        ],
        [
          0.0,
          0.0,
          0.0,
          1.0
        ]
      ]
    },
    {
      "file_path": "./images/IMG_0042.JPG",
      "sharpness": 20.994545412182465,
      "transform_matrix": [
        [
          -0.2429595243318629,
          0.33252297093227656,
          -0.9112623899746626,
          -3.431499119800369
        ],
        [
          -0.9698405983058441,
          -0.06439308794205761,
          0.23508029288541815,
          0.9073871888752814
        ],
        [
          0.019490598181960982,
          0.9408942576458768,
          0.3381391910960583,
          1.2374988723922133
        ],
        [
          0.0,
          0.0,
          0.0,
          1.0
        ]
      ]
    },
    {
      "file_path": "./images/IMG_0038.JPG",
      "sharpness": 44.96741826538569,
      "transform_matrix": [
        [
          -0.9870745362616772,
          -0.011480958806342086,
          0.15985007817392138,
          0.5135568490649104
        ],
        [
          0.15581069926183874,
          -0.3021924098799591,
          0.9404269101884128,
          3.5100381177064652
        ],
        [
          0.03750847772662844,
          0.9531778087195681,
          0.3000752890638719,
          1.0865658709517156
        ],
        [
          0.0,
          0.0,
          0.0,
          1.0
        ]
      ]
    },
    {
      "file_path": "./images/IMG_0039.JPG",
      "sharpness": 70.68057011377108,
      "transform_matrix": [
        [
          -0.9752431092612115,
          0.09976589645647554,
          -0.1973515740658967,
          -0.7786781219463352
        ],
        [
          -0.21868901499702234,
          -0.30273436830275374,
          0.9276459545365411,
          3.397696785912462
        ],
        [
          0.0328023261401677,
          0.9478389463363837,
          0.317057312250168,
          1.150476034794404
        ],
        [
          0.0,
          0.0,
          0.0,
          1.0
        ]
      ]
    },
    {
      "file_path": "./images/IMG_0041.JPG",
      "sharpness": 43.91853965687912,
      "transform_matrix": [
        [
          -0.48044458507192567,
          0.30493433631736744,
          -0.8223065433603689,
          -3.0422338396153497
        ],
        [
          -0.8766928506810392,
          -0.14117781534031065,
          0.45986788322357924,
          1.7119333038121725
        ],
        [
          0.02413806643279554,
          0.9418513019755311,
          0.3351618694891403,
          1.222742010165542
        ],
        [
          0.0,
          0.0,
          0.0,
          1.0
        ]
      ]
    },
    {
      "file_path": "./images/IMG_0048.JPG",
      "sharpness": 28.85475448543016,
      "transform_matrix": [
        [
          0.9917429291905285,
          0.055295429864420396,
          -0.11570815822674721,
          -0.468202122626159
        ],
        [
          -0.12713930621072236,
          0.3058879759389716,
          -0.943540218004649,
          -3.693986262120018
        ],
        [
          -0.016779727629330058,
          0.9504603945728699,
          0.31039245985146385,
          1.2133301725391095
        ],
        [
          0.0,
          0.0,
          0.0,
          1.0
        ]
      ]
    },
    {
      "file_path": "./images/IMG_0040.JPG",
      "sharpness": 62.63392317848889,
      "transform_matrix": [
        [
          -0.7478169495834445,
          0.24093219406634522,
          -0.6186448802193513,
          -2.3003985735723256
        ],
        [
          -0.6632063591093141,
          -0.22836170418961016,
          0.7127469798579507,
          2.673100396908653
        ],
        [
          0.030448894536269068,
          0.9432934908940794,
          0.33056051624771066,
          1.1956302874954594
        ],
        [
          0.0,
          0.0,
          0.0,
          1.0
        ]
      ]
    },
    {
      "file_path": "./images/IMG_0043.JPG",
      "sharpness": 108.6633704690144,
      "transform_matrix": [
        [
          0.07131028675766324,
          0.33574601843302293,
          -0.939249409982481,
          -3.5699285458575813
        ],
        [
          -0.9973825004907392,
          0.03529035810756916,
          -0.06310894025037993,
          -0.2673683611397883
        ],
        [
          0.01195787261401219,
          0.9412912417390051,
          0.3373837689509697,
          1.2616458753413582
        ],
        [
          0.0,
          0.0,
          0.0,
          1.0
        ]
      ]
    },
    {
      "file_path": "./images/IMG_0049.JPG",
      "sharpness": 32.9135802358535,
      "transform_matrix": [
        [
          0.9885556091479959,
          -0.024605596116144365,
          0.14883673036361353,
          0.5346553567924678
        ],
        [
          0.1492606977845441,
          0.3026760844872969,
          -0.9413333267107648,
          -3.8447302954535236
        ],
        [
          -0.021887251126638564,
          0.9527758144279124,
          0.30288478952057035,
          1.1908695077029028
        ],
        [
          0.0,
          0.0,
          0.0,
          1.0
        ]
      ]
    },
    {
      "file_path": "./images/IMG_0044.JPG",
      "sharpness": 85.08274862363179,
      "transform_matrix": [
        [
          0.3773762577224534,
          0.31349236019763466,
          -0.8713837847060495,
          -3.302528028426135
        ],
        [
          -0.9260266208235692,
          0.13573732330092977,
          -0.352207434034583,
          -1.393437058448579
        ],
        [
          0.007864962729178651,
          0.9398393049897954,
          0.3415263140683889,
          1.2789725080922587
        ],
        [
          0.0,
          0.0,
          0.0,
          1.0
        ]
      ]
    },
    {
      "file_path": "./images/IMG_0045.JPG",
      "sharpness": 86.26090019944958,
      "transform_matrix": [
        [
          0.5775780487579217,
          0.27720981907031395,
          -0.767827007761202,
          -2.947594230301774
        ],
        [
          -0.8163353004316789,
          0.19673701663540755,
          -0.5430388784926587,
          -2.081506004282909
        ],
        [
          0.0005242855439346918,
          0.9404516268997791,
          0.3399271431201101,
          1.2688697407154585
        ],
        [
          0.0,
          0.0,
          0.0,
          1.0
        ]
      ]
    },
    {
      "file_path": "./images/IMG_0047.JPG",
      "sharpness": 71.07017886960453,
      "transform_matrix": [
        [
          0.8817360265019797,
          0.15703619225351725,
          -0.4448384132857045,
          -1.8788127111824164
        ],
        [
          -0.47160001576662675,
          0.2702020882278888,
          -0.8393951731135051,
          -3.3356177088637944
        ],
        [
          -0.011619153587948822,
          0.9499107673251829,
          0.31230518636928584,
          1.2558525168157932
        ],
        [
          0.0,
          0.0,
          0.0,
          1.0
        ]
      ]
    },
    {
      "file_path": "./images/IMG_0046.JPG",
      "sharpness": 76.82257365680938,
      "transform_matrix": [
        [
          0.7326193603270432,
          0.23390489110338242,
          -0.6391849300753539,
          -2.371086775579988
        ],
        [
          -0.6806380873751632,
          0.25064142019000474,
          -0.6884117027618448,
          -2.5193270669438736
        ],
        [
          -0.0008166457306678296,
          0.9393973496045501,
          0.3428293346393653,
          1.2263863289226136
        ],
        [
          0.0,
          0.0,
          0.0,
          1.0
        ]
      ]
    },
    {
      "file_path": "./images/IMG_0050.JPG",
      "sharpness": 31.876458616583125,
      "transform_matrix": [
        [
          0.9182320386027818,
          -0.09907671166574872,
          0.3834497731547228,
          1.505212487112702
        ],
        [
          0.39536354735723583,
          0.2859995806684963,
          -0.8728641963550761,
          -3.4268890313097127
        ],
        [
          -0.023185960024053445,
          0.9530939329902789,
          0.3017852981814345,
          1.1393393213168233
        ],
        [
          0.0,
          0.0,
          0.0,
          1.0
        ]
      ]
    },
    {
      "file_path": "./images/IMG_0051.JPG",
      "sharpness": 37.74482566124165,
      "transform_matrix": [
        [
          0.7951803201553467,
          -0.15877740063950482,
          0.5852161955442875,
          2.296662498513938
        ],
        [
          0.6059058384149593,
          0.2459338177444501,
          -0.7565676917925791,
          -3.00258324344794
        ],
        [
          -0.023798601665433548,
          0.9561936489940887,
          0.29176588598688546,
          1.1219467662957008
        ],
        [
          0.0,
          0.0,
          0.0,
          1.0
        ]
      ]
    },
    {
      "file_path": "./images/IMG_0057.JPG",
      "sharpness": 33.23432381303559,
      "transform_matrix": [
        [
          -0.424174215231737,
          -0.5336780066259588,
          0.7316174002986877,
          3.0404453625264143
        ],
        [
          0.9055788302958324,
          -0.2515746353603907,
          0.34152186601060325,
          1.3206339645922753
        ],
        [
          0.0017936720317427574,
          0.8074019990860892,
          0.5899989785211511,
          2.371091903936449
        ],
        [
          0.0,
          0.0,
          0.0,
          1.0
        ]
      ]
    },
    {
      "file_path": "./images/IMG_0056.JPG",
      "sharpness": 41.384002628111034,
      "transform_matrix": [
        [
          -0.21742654441414522,
          -0.5790038751761607,
          0.7857990903269356,
          3.3908011228274755
        ],
        [
          0.9760642444774424,
          -0.1249098696434841,
          0.17803402797884738,
          0.7219945558708559
        ],
        [
          -0.004928330174267699,
          0.8056997189025942,
          0.5923037012931346,
          2.3824088343731673
        ],
        [
          0.0,
          0.0,
          0.0,
          1.0
        ]
      ]
    },
    {
      "file_path": "./images/IMG_0058.JPG",
      "sharpness": 38.07877737857976,
      "transform_matrix": [
        [
          -0.5800345751826121,
          -0.47697538215475566,
          0.6603441348680082,
          2.639178352072759
        ],
        [
          0.8145550719070975,
          -0.347321287658384,
          0.4646159252218881,
          1.9004797580237907
        ],
        [
          0.007741216732122719,
          0.8073799650699948,
          0.5899810722477908,
          2.378852034714981
        ],
        [
          0.0,
          0.0,
          0.0,
          1.0
        ]
      ]
    },
    {
      "file_path": "./images/IMG_0059.JPG",
      "sharpness": 51.02770631452679,
      "transform_matrix": [
        [
          -0.743461573025669,
          -0.38936750116476737,
          0.5437442767647576,
          2.2486437282748537
        ],
        [
          0.6686955100303213,
          -0.44561467251724063,
          0.5952091048553327,
          2.4406581725954655
        ],
        [
          0.0105453459956124,
          0.8061144538522242,
          0.5916656851735917,
          2.3795226611895646
        ],
        [
          0.0,
          0.0,
          0.0,
          1.0
        ]
      ]
    },
    {
      "file_path": "./images/IMG_0052.JPG",
      "sharpness": 55.79093047278792,
      "transform_matrix": [
        [
          0.641946062359629,
          -0.20123698462445666,
          0.7398708867658941,
          2.9884984004373365
        ],
        [
          0.7663963360646588,
          0.19770024228459085,
          -0.6111884081585046,
          -2.4321710181370038
        ],
        [
          -0.02327894127769329,
          0.9593843287554927,
          0.2811401797590213,
          1.0794568782463472
        ],
        [
          0.0,
          0.0,
          0.0,
          1.0
        ]
      ]
    },
    {
      "file_path": "./images/IMG_0055.JPG",
      "sharpness": 55.735571548153466,
      "transform_matrix": [
        [
          -0.06837850873906073,
          -0.2776085384509512,
          0.9582577309707843,
          3.6907619496606285
        ],
        [
          0.9975031334844234,
          -0.0020216105711554876,
          0.07059328423795745,
          0.22479466081513783
        ],
        [
          -0.017660074502929925,
          0.9606921528322149,
          0.27705362170296155,
          1.0033072392810989
        ],
        [
          0.0,
          0.0,
          0.0,
          1.0
        ]
      ]
    },
    {
      "file_path": "./images/IMG_0053.JPG",
      "sharpness": 55.94596302935448,
      "transform_matrix": [
        [
          0.39542236889924454,
          -0.25429214658112453,
          0.8825965411244261,
          3.4742816311475107
        ],
        [
          0.9183391970110721,
          0.12740238063221915,
          -0.3747289055335177,
          -1.4722895166073642
        ],
        [
          -0.017154282702900515,
          0.9586991903820398,
          0.2839041968505271,
          1.0744160444823314
        ],
        [
          0.0,
          0.0,
          0.0,
          1.0
        ]
      ]
    },
    {
      "file_path": "./images/IMG_0060.JPG",
      "sharpness": 44.19758055096603,
      "transform_matrix": [
        [
          -0.8546506583657671,
          -0.29527565011370255,
          0.4270650332776237,
          1.5918910007281706
        ],
        [
          0.5187805675861985,
          -0.5188439500828466,
          0.6794613146879047,
          2.662555417496823
        ],
        [
          0.02095172738644256,
          0.8022551002920718,
          0.5966135928877705,
          2.4102253995839753
        ],
        [
          0.0,
          0.0,
          0.0,
          1.0
        ]
      ]
    },
    {
      "file_path": "./images/IMG_0054.JPG",
      "sharpness": 63.78918724273432,
      "transform_matrix": [
        [
          0.185719361665415,
          -0.2815866714034254,
          0.9413911329697433,
          3.632142240936017
        ],
        [
          0.9825223450340763,
          0.06547968927028994,
          -0.17424767373440395,
          -0.6624519305146631
        ],
        [
          -0.012576176422004096,
          0.9572989902973552,
          0.28882604281096136,
          1.0610489492061483
        ],
        [
          0.0,
          0.0,
          0.0,
          1.0
        ]
      ]
    },
    {
      "file_path": "./images/IMG_0061.JPG",
      "sharpness": 43.38698328146055,
      "transform_matrix": [
        [
          -0.9684494418673698,
