{
  "camera_angle_x": 0.5854033060797187,
  "camera_angle_y": 0.9811980734801634,
  "fl_x": 1791.8922640979777,
  "fl_y": 1797.221527737998,
  "k1": 0.03510944540801826,
  "k2": -0.046980884566697384,
  "p1": 0.009434094278248711,
  "p2": -0.0049106820334046735,
  "cx": 528.4485362771244,
  "cy": 985.0895868374774,
  "w": 1080.0,
  "h": 1920.0,
  "aabb_scale": 16,
  "frames": [
    {
      "file_path": "./images/0003.jpg",
      "sharpness": 85.22509978936378,
      "transform_matrix": [
        [
          -0.880463241187297,
          0.029922844216240318,
          -0.4731692132203129,
          -2.0531226924466446
        ],
        [
          -0.4685479179341781,
          -0.20739862735314096,
          0.8587483088609895,
          3.571144805800526
        ],
        [
          -0.07243845346065138,
          0.9777987690687878,
          0.19662715401333108,
          0.850830833851135
        ],
        [
          0.0,
          0.0,
          0.0,
          1.0
        ]
      ]
    },
    {
      "file_path": "./images/0005.jpg",
      "sharpness": 60.82152295517156,
      "transform_matrix": [
        [
          -0.6838282123389584,
          0.07276081695657417,
          -0.7260060878206709,
          -3.536387427456074
        ],
        [
          -0.7264383370366692,
          -0.161047682493679,
          0.6680950429743087,
          2.936958752148279
        ],
        [
          -0.06831045678837322,
          0.9842608940245876,
          0.16298519569234793,
          0.7892134682957357
        ],
        [
          0.0,
          0.0,
          0.0,
          1.0
        ]
      ]
    },
    {
      "file_path": "./images/0004.jpg",
      "sharpness": 78.13693411031876,
      "transform_matrix": [
        [
          -0.7942503306436681,
          0.05199148936294411,
          -0.6053621208283569,
          -2.8835819174993933
        ],
        [
          -0.6030961741587612,
          -0.18842322886611074,
          0.7750946339246353,
          3.212070651647432
        ],
        [
          -0.073765961024748,
          0.98071074832699,
          0.18101108015146347,
          0.8327663206921502
        ],
        [
          0.0,
          0.0,
          0.0,
          1.0
        ]
      ]
    },
    {
      "file_path": "./images/0009.jpg",
      "sharpness": 38.10713732605934,
      "transform_matrix": [
        [
          0.011451832631394647,
          0.1124908895734852,
          -0.9935867628546122,
          -4.764063697516858
        ],
        [
          -0.9996137241185094,
          -0.02387607323447448,
          -0.014224474712827114,
          -0.32822739846647253
        ],
        [
          -0.025323074128882628,
          0.9933658605556345,
          0.11217401226137949,
          0.696104371835571
        ],
        [
          0.0,
          0.0,
          0.0,
          1.0
        ]
      ]
    },
    {
      "file_path": "./images/0002.jpg",
      "sharpness": 107.06685992176536,
      "transform_matrix": [
        [
          -0.927763659483551,
          0.00909662980389607,
          -0.37305742653840845,
          -1.539274162417159
        ],
        [
          -0.3662386368854813,
          -0.2139587462764487,
          0.9055887122441978,
          4.285045726581487
        ],
        [
          -0.07158109400140383,
          0.9768003410341058,
          0.2018346867235814,
          0.8021768000934003
        ],
        [
          0.0,
          0.0,
          0.0,
          1.0
        ]
      ]
    },
    {
      "file_path": "./images/0010.jpg",
      "sharpness": 27.346733067256885,
      "transform_matrix": [
        [
          0.25683302070634295,
          0.11338832663864923,
          -0.959781166143877,
          -4.283363931316011
        ],
        [
          -0.9664138914839459,
          0.020883854311726114,
          -0.25614069371337944,
          -1.8038043774131056
        ],
        [
          -0.008999434599335589,
          0.9933312398383305,
          0.11494371738258186,
          0.9633297117736954
        ],
        [
          0.0,
          0.0,
          0.0,
          1.0
        ]
      ]
    },
    {
      "file_path": "./images/0001.jpg",
      "sharpness": 93.17006510017558,
      "transform_matrix": [
        [
          -0.9421259328854223,
          -0.00119931500814645,
          -0.335257048033063,
          -1.5025480003531324
        ],
        [
          -0.3272458951649988,
          -0.21403885921895774,
          0.920378993046851,
          4.491191071900211
        ],
        [
          -0.07286186044565592,
          0.976824410226365,
          0.20125908900196646,
          0.7631272219399493
        ],
        [
          0.0,
          0.0,
          0.0,
          1.0
        ]
      ]
    },
    {
      "file_path": "./images/0011.jpg",
      "sharpness": 32.1579171354308,
      "transform_matrix": [
        [
          0.48560581495571126,
          0.09937078734699888,
          -0.8685116229105952,
          -3.916733186296437
        ],
        [
          -0.8740735247571612,
          0.07054594396444008,
          -0.4806440919316372,
          -2.547915591725557
        ],
        [
          0.013507990433385653,
          0.9925465814961374,
          0.12111489496495755,
          0.8401291086428616
        ],
        [
          0.0,
          0.0,
          0.0,
          1.0
        ]
      ]
    },
    {
      "file_path": "./images/0008.jpg",
      "sharpness": 44.902179770330484,
      "transform_matrix": [
        [
          -0.20681456737087392,
          0.11006870176898338,
          -0.9721690262714856,
          -4.826881395106896
        ],
        [
          -0.9776819882977894,
          -0.06078195709071328,
          0.20110565245744189,
          0.6670082826252123
        ],
        [
          -0.03695489795535895,
          0.9920637250754551,
          0.12018278135452701,
          0.8488015782700292
        ],
        [
          0.0,
          0.0,
          0.0,
          1.0
        ]
      ]
    },
    {
      "file_path": "./images/0006.jpg",
      "sharpness": 69.84178461709193,
      "transform_matrix": [
        [
          -0.5485006663044524,
          0.0904922670047784,
          -0.8312389359886045,
          -4.07201336539255
        ],
        [
          -0.8339918483116292,
          -0.13058990640885706,
          0.5361006186285443,
          2.282880136818978
        ],
        [
          -0.060038454531788674,
          0.9872980431377141,
          0.1470984636951188,
          0.8336914174472527
        ],
        [
          0.0,
          0.0,
          0.0,
          1.0
        ]
      ]
    },
    {
      "file_path": "./images/0007.jpg",
      "sharpness": 42.51715846350816,
      "transform_matrix": [
        [
          -0.3918221448881655,
          0.10390740623190929,
          -0.9141546136912257,
          -4.435564277708514
        ],
        [
          -0.9187027558616665,
          -0.09775826024647682,
          0.38265986061486945,
          1.4529405404225597
        ],
        [
          -0.04960497104518927,
          0.9897709702305105,
          0.13376387167000275,
          0.9126315088157744
        ],
        [
          0.0,
          0.0,
          0.0,
          1.0
        ]
      ]
    },
    {
      "file_path": "./images/0012.jpg",
      "sharpness": 33.027199014528286,
      "transform_matrix": [
        [
          0.6732857371300645,
          0.08057153795687823,
          -0.7349792809841975,
          -3.5948333332640225
        ],
        [
          -0.7382809966647947,
          0.1274965875096186,
          -0.6623335942990275,
          -3.838316607788719
        ],
        [
          0.04034211388257859,
          0.9885609983566139,
          0.14532606924860084,
          1.0656954766197981
        ],
        [
          0.0,
          0.0,
          0.0,
          1.0
        ]
      ]
    },
    {
      "file_path": "./images/0015.jpg",
      "sharpness": 31.521241291602315,
      "transform_matrix": [
        [
          0.9399214151952405,
          -0.002575662485713522,
          -0.34138116416652947,
          -1.6603535049802318
        ],
        [
          -0.33491023361181455,
          0.18695985589599223,
          -0.9235156456202888,
          -4.3734593586546815
        ],
        [
          0.06620323786157414,
          0.9823641780280543,
          0.1748649566136638,
          0.8754848990608229
        ],
        [
          0.0,
          0.0,
          0.0,
          1.0
        ]
      ]
    },
    {
      "file_path": "./images/0023.jpg",
      "sharpness": 55.20912943762127,
      "transform_matrix": [
        [
          0.4787564222250919,
          -0.18110744585514119,
          0.8590648294870512,
          4.038864521105246
        ],
        [
          0.8779477129129307,
          0.09840504693576974,
          -0.4685341611116023,
          -2.0593252753017843
        ],
        [
          0.00031871034826121483,
          0.9785277409561189,
          0.20611491607988505,
          0.8499309399963747
        ],
        [
          0.0,
          0.0,
          0.0,
          1.0
        ]
      ]
    },
    {
      "file_path": "./images/0017.jpg",
      "sharpness": 36.86946469341427,
      "transform_matrix": [
        [
          0.9960614959535651,
          -0.07033249046194054,
          0.053989231257041345,
          0.06683786466998719
        ],
        [
          0.06511122012094134,
          0.16690842480607426,
          -0.9838201597564197,
          -4.078865230473698
        ],
        [
          0.060183264456729564,
          0.9834606847967927,
          0.1708304895677129,
          0.8386068945986332
        ],
        [
          0.0,
          0.0,
          0.0,
          1.0
        ]
      ]
    },
    {
      "file_path": "./images/0018.jpg",
      "sharpness": 59.50242331739417,
      "transform_matrix": [
        [
          0.9594455728893297,
          -0.09518810595433395,
          0.26533642263257456,
          1.4467482681724446
        ],
        [
          0.27731115825562647,
          0.14967780403996067,
          -0.9490495648198399,
          -4.041645118787961
        ],
        [
          0.05062325746052286,
          0.984142154106584,
          0.17000443036029253,
          0.8137548435879575
        ],
        [
          0.0,
          0.0,
          0.0,
          1.0
        ]
      ]
    },
    {
      "file_path": "./images/0016.jpg",
      "sharpness": 43.02384756462194,
      "transform_matrix": [
        [
          0.9877863083305746,
          -0.035474107072301614,
          -0.1517227630569573,
          -0.754744511410847
        ],
        [
          -0.14301815637798268,
          0.18003188401906683,
          -0.9732082653177675,
          -4.429343765253122
        ],
        [
          0.061838629089253874,
          0.9830209094880195,
          0.17275958870435648,
          0.6496959451857166
        ],
        [
          0.0,
          0.0,
          0.0,
          1.0
        ]
      ]
    },
    {
      "file_path": "./images/0013.jpg",
      "sharpness": 43.98181104034717,
      "transform_matrix": [
        [
          0.7827630518042897,
          0.05940553089483119,
          -0.6194779961037332,
          -3.253532450337013
        ],
        [
          -0.6201085595855924,
          0.15829691341563726,
          -0.7683797638744739,
          -4.436944637925111
        ],
        [
          0.05241544691031698,
          0.9856028967738991,
          0.16074685323103494,
          1.0117605808490184
        ],
        [
          0.0,
          0.0,
          0.0,
          1.0
        ]
      ]
    },
    {
      "file_path": "./images/0014.jpg",
      "sharpness": 45.911805053878176,
      "transform_matrix": [
        [
          0.8656682512649063,
          0.03198828218550999,
          -0.49959506460966824,
          -2.6444320559351304
        ],
        [
          -0.4965132415599676,
          0.1823957743819122,
          -0.8486497407312782,
          -4.171388077698969
        ],
        [
          0.06397718130368987,
          0.9827047019919697,
          0.17377683672716085,
          1.02667294866726
        ],
        [
          0.0,
          0.0,
          0.0,
          1.0
        ]
      ]
    },
    {
      "file_path": "./images/0024.jpg",
      "sharpness": 87.92123816559764,
      "transform_matrix": [
        [
          0.2712623292992968,
          -0.19251970032938318,
          0.9430550958007512,
          4.697523214236559
        ],
        [
          0.9623910601378959,
          0.06935677411725064,
          -0.2626653484012222,
          -0.7386129152438127
        ],
        [
          -0.014839005098458553,
          0.9788390076496567,
          0.20409311859715568,
          0.8355612164039636
        ],
        [
          0.0,
          0.0,
          0.0,
          1.0
        ]
      ]
    },
    {
      "file_path": "./images/0019.jpg",
      "sharpness": 66.05320681420265,
      "transform_matrix": [
        [
          0.8933887922944564,
          -0.11763668913181884,
          0.4336105109430761,
          2.1265365256554816
        ],
        [
          0.4471249754258802,
          0.13828261416885787,
          -0.883717814106439,
          -4.023550570472262
        ],
        [
          0.04399684279398684,
          0.9833816797234749,
          0.17613843940488266,
          0.8370229474479116
        ],
        [
          0.0,
          0.0,
          0.0,
          1.0
        ]
      ]
    },
    {
      "file_path": "./images/0021.jpg",
      "sharpness": 64.6019656429273,
      "transform_matrix": [
        [
          0.7345963560287917,
          -0.1459062924731977,
          0.6626307776986413,
          3.41286571666395
        ],
        [
          0.6781098526619055,
          0.12457737417662115,
          -0.7243255521974471,
          -3.669829034404367
        ],
        [
          0.02313485353042207,
          0.9814233702572563,
          0.1904545796052262,
          0.8817566177940059
        ],
        [
          0.0,
          0.0,
          0.0,
          1.0
        ]
      ]
    },
    {
      "file_path": "./images/0022.jpg",
      "sharpness": 43.46107296369167,
      "transform_matrix": [
        [
          0.6245463881804264,
          -0.16401662674713663,
          0.7635707925194848,
          3.790641303380919
        ],
        [
          0.7808739826232813,
          0.1144581710383556,
          -0.6141133041586377,
          -2.802634813994276
        ],
        [
          0.013327876218550139,
          0.9797948118153301,
          0.19956075386421532,
          0.986566585227341
        ],
        [
          0.0,
          0.0,
          0.0,
          1.0
        ]
      ]
    },
    {
      "file_path": "./images/0020.jpg",
      "sharpness": 74.54366608081466,
      "transform_matrix": [
        [
          0.8210343657050198,
          -0.13209001180773636,
          0.5553870714551675,
          2.8952671909137244
        ],
        [
          0.5698208063235015,
          0.13041798951247016,
          -0.8113540513810168,
          -3.9422654051645956
        ],
        [
          0.034739300966771636,
          0.982620667816043,
          0.18234528833146002,
          0.8719655310210043
        ],
        [
          0.0,
          0.0,
          0.0,
          1.0
        ]
      ]
    },
    {
      "file_path": "./images/0025.jpg",
      "sharpness": 90.94678140824955,
      "transform_matrix": [
        [
          0.07869635047516643,
          -0.18952667686000021,
          0.9787167737439949,
          4.790577339943671
        ],
        [
          0.9963105995314321,
          0.04866835740155966,
          -0.07068649269260943,
          -0.1488264225434359
        ],
        [
          -0.03423556168055519,
          0.9806686646231467,
          0.1926574591607106,
          0.784287074025918
        ],
        [
          0.0,
          0.0,
          0.0,
          1.0
        ]
      ]
    },
    {
      "file_path": "./images/0027.jpg",
      "sharpness": 63.52445924358018,
      "transform_matrix": [
        [
          -0.08878934198014564,
          -0.1508246638160086,
          0.9845650682220451,
          5.087218789972078
        ],
        [
          0.99474708673599,
          0.037123221738624146,
          0.09539444343375372,
          0.759431785444626
        ],
        [
          -0.05093806220452175,
          0.9878632431769457,
          0.1467362485085542,
          0.3804484039011982
        ],
        [
          0.0,
          0.0,
          0.0,
          1.0
        ]
      ]
    },
    {
      "file_path": "./images/0033.jpg",
      "sharpness": 48.072677831160306,
      "transform_matrix": [
        [
          0.46840009265430815,
          -0.21082782078730902,
          0.8579935799358113,
          3.4534544001367986
        ],
        [
          0.8834958733596535,
          0.10513773442683311,
          -0.45648778576878235,
          -2.1153362407138245
        ],
        [
          0.0060328239424372355,
          0.9718527083920229,
          0.23551203420198877,
          0.7675277683967403
        ],
        [
          0.0,
          0.0,
          0.0,
          1.0
        ]
      ]
    },
    {
      "file_path": "./images/0032.jpg",
      "sharpness": 66.77554681824503,
      "transform_matrix": [
        [
          0.21981867434738028,
          -0.2104759445045009,
          0.9525647627435408,
          4.087856019569529
        ],
        [
          0.9753936891263697,
          0.06437333416575818,
          -0.2108630481162235,
          -1.3184502836795735
        ],
        [
          -0.016938170573255945,
          0.9754772937699632,
          0.21944736896224007,
          0.8549982927175366
        ],
        [
          0.0,
          0.0,
          0.0,
          1.0
        ]
      ]
    },
    {
      "file_path": "./images/0026.jpg",
      "sharpness": 91.08271891208685,
      "transform_matrix": [
        [
          -0.016970611090354897,
          -0.183012069872591,
          0.9829641807653673,
          5.147254411668481
        ],
        [
          0.9988643404340776,
          0.040670950074932835,
          0.024817397712642634,
          0.4007110563256073
        ],
        [
          -0.04451997044559754,
          0.9822690344953777,
          0.182114019588364,
          0.7289123326059131
        ],
        [
          0.0,
          0.0,
          0.0,
          1.0
        ]
      ]
    },
    {
      "file_path": "./images/0031.jpg",
      "sharpness": 77.59035824797311,
      "transform_matrix": [
        [
          -0.04303288639320627,
          -0.16078939239248072,
          0.9860501721567142,
          4.59182650339242
        ],
        [
          0.9982620670979413,
          0.032853831396086136,
          0.048923114741117775,
          -0.017009301297281204
        ],
        [
          -0.04026184399729035,
          0.9864417859580987,
          0.15909615602309052,
          0.8750153131188072
        ],
        [
          0.0,
          0.0,
          0.0,
          1.0
        ]
      ]
    },
    {
      "file_path": "./images/0029.jpg",
      "sharpness": 89.56436468376933,
      "transform_matrix": [
        [
          -0.22670311400658166,
          -0.04161188280319387,
          0.9730745857008352,
          4.619306391126894
        ],
        [
          0.9729886223254013,
          0.03502366229440043,
          0.22818081405945426,
          1.310929161178725
        ],
        [
          -0.04357566896942904,
          0.9985198016647512,
          0.03254791521499021,
          -0.5514001348708683
        ],
        [
          0.0,
          0.0,
          0.0,
          1.0
        ]
      ]
    },
    {
      "file_path": "./images/0034.jpg",
      "sharpness": 51.398901311548876,
      "transform_matrix": [
        [
          0.6816041918808757,
          -0.1880029997119276,
          0.7071566995633253,
          2.699437181254883
        ],
        [
          0.7312925949235267,
          0.14195548210086995,
          -0.667128009988753,
          -2.8597690403342977
        ],
        [
          0.02503729686236252,
          0.9718557059707018,
          0.23424265317316623,
          0.9048336869406151
        ],
        [
          0.0,
          0.0,
          0.0,
          1.0
        ]
      ]
    },
    {
      "file_path": "./images/0028.jpg",
      "sharpness": 69.97768543440488,
      "transform_matrix": [
        [
          -0.16441314932998563,
          -0.0958997745299933,
          0.981718671310703,
          4.958872802817651
        ],
        [
          0.9851886302147553,
          0.033172652976139194,
          0.16823477045524393,
          1.0218436192426157
        ],
        [
          -0.048699889358349485,
          0.9948380814821949,
          0.08902534715967024,
          -0.12521370893032086
        ],
        [
          0.0,
          0.0,
          0.0,
          1.0
        ]
      ]
    },
    {
      "file_path": "./images/0035.jpg",
      "sharpness": 55.77864342205649,
      "transform_matrix": [
        [
          0.8511683785636666,
          -0.15353073574955262,
          0.5019369527550835,
          1.9077268153246438
        ],
        [
          0.5231124194465848,
          0.16942811898103668,
          -0.8352529611556714,
          -3.6367046526789872
        ],
        [
          0.043194767910855414,
          0.9735103624027324,
          0.22452569195354377,
          0.8592628642214212
        ],
        [
          0.0,
          0.0,
          0.0,
          1.0
        ]
      ]
    },
    {
      "file_path": "./images/0030.jpg",
      "sharpness": 38.003649508587166,
      "transform_matrix": [
        [
          -0.20013699626785716,
          -0.07409106171054891,
          0.9769624851175417,
          4.5629331815060965
        ],
        [
          0.978888088488316,
          0.027127496818319503,
          0.20258876852405375,
          0.8362633307793147
        ],
        [
          -0.04151256365722341,
          0.9968824471915136,
          0.06709764204242478,
          0.33821575104377904
        ],
        [
          0.0,
          0.0,
          0.0,
          1.0
        ]
      ]
    },
    {
      "file_path": "./images/0036.jpg",
      "sharpness": 33.76812545828902,
      "transform_matrix": [
        [
          0.9607014140584564,
          -0.10235368150757979,
          0.2580242564866456,
          0.9011478484114139
        ],
        [
          0.2736000925774591,
          0.19224035061235542,
          -0.9424365426584826,
          -4.462957971626229
        ],
        [
          0.046859176194885936,
          0.9759955796543436,
          0.21268955340850104,
          1.183098951012105
        ],
        [
          0.0,
          0.0,
          0.0,
          1.0
        ]
      ]
    },
    {
      "file_path": "./images/0042.jpg",
      "sharpness": 23.43052319212559,
      "transform_matrix": [
        [
          0.1740338351564498,
          0.11922354888494968,
          -0.9774957645123454,
          -4.519312964875256
        ],
        [
          -0.9845968456779965,
          0.03797331094627607,
          -0.1706665729917426,
          -0.51365979658548
        ],
        [
          0.01677127610638729,
          0.9921410046332187,
          0.12399577110022666,
          0.8686440801377044
        ],
        [
          0.0,
          0.0,
          0.0,
          1.0
        ]
      ]
    },
    {
      "file_path": "./images/0038.jpg",
      "sharpness": 25.2583859465162,
      "transform_matrix": [
        [
          0.9590594515439448,
          -0.0037150428971316155,
          -0.28318044933939146,
          -1.7515855303506378
        ],
        [
          -0.2763343019390718,
          0.20663755690883367,
          -0.9385841857002618,
          -4.255780754191727
        ],
        [
          0.062002596728283496,
          0.978410506156507,
          0.19715110821171422,
          1.1013506396264219
        ],
        [
          0.0,
          0.0,
          0.0,
          1.0
        ]
      ]
    },
    {
      "file_path": "./images/0041.jpg",
      "sharpness": 25.652707413935833,
      "transform_matrix": [
        [
          0.46030618179610505,
          0.09979734980436136,
          -0.8821330443872265,
          -3.952372048208533
        ],
        [
          -0.8863890387732412,
          0.10687127335415716,
          -0.4504364581984238,
          -1.7779527223938374
        ],
        [
          0.04932231693797643,
          0.9892517474995841,
          0.13765278474654474,
          0.7799923268733496
        ],
        [
          0.0,
          0.0,
          0.0,
          1.0
        ]
      ]
    },
    {
      "file_path": "./images/0037.jpg",
      "sharpness": 25.15539590305699,
      "transform_matrix": [
        [
          0.99877742328573,
          -0.04062282021490717,
          -0.02816816004044237,
          -0.6749157255712851
        ],
        [
          -0.01915659557258849,
          0.2072292868774485,
          -0.978104824395812,
          -4.366397077233807
        ],
        [
          0.04557064415059512,
          0.9774486222633094,
          0.20619773823892246,
          1.0295307533073823
        ],
        [
          0.0,
          0.0,
          0.0,
          1.0
        ]
      ]
    },
    {
      "file_path": "./images/0043.jpg",
      "sharpness": 29.402744009999882,
      "transform_matrix": [
        [
          -0.10823630233358691,
          0.1216647264491968,
          -0.986652216955272,
          -4.426999449540929
        ],
        [
          -0.9939721869827521,
          -0.030656676230859985,
          0.10525901247508514,
          0.31417744696779554
        ],
        [
          -0.017441168608564192,
          0.9920977081760016,
          0.12424951950443283,
          0.5707917347878295
        ],
        [
          0.0,
          0.0,
          0.0,
          1.0
        ]
      ]
    },
    {
      "file_path": "./images/0039.jpg",
      "sharpness": 29.592202167926462,
      "transform_matrix": [
        [
          0.8798301174833336,
          0.03487200016890586,
          -0.47400728686491966,
          -2.291969298760055
        ],
        [
          -0.47127176736547033,
          0.193388735623623,
          -0.8605252571645713,
          -4.027041545102283
        ],
        [
          0.06165943297000005,
          0.9805022899334236,
          0.18658342313485493,
          1.1195740378050298
        ],
        [
          0.0,
          0.0,
          0.0,
          1.0
        ]
      ]
    },
    {
      "file_path": "./images/0044.jpg",
      "sharpness": 31.470134804941793,
      "transform_matrix": [
        [
          -0.3865236289096834,
          0.12140872294659649,
          -0.9142534694025095,
          -3.8473369513711804
        ],
        [
          -0.9208958293984949,
          -0.10508582529600725,
          0.3753769315212974,
          1.4210685407402481
        ],
        [
          -0.05050104648228791,
          0.9870242607664693,
          0.1524229411544999,
          0.8236200056622585
        ],
        [
          0.0,
          0.0,
          0.0,
          1.0
        ]
      ]
    },
    {
      "file_path": "./images/0040.jpg",
      "sharpness": 22.662189539748216,
      "transform_matrix": [
        [
          0.7201885066539229,
          0.06884607160245568,
          -0.6903540637499438,
          -3.3577259319443398
        ],
        [
          -0.6906559668492559,
          0.16544599139665145,
          -0.7040042325059761,
          -3.1282118113546957
        ],
        [
          0.06574838669227827,
          0.9838129102540506,
          0.16670125162219934,
          0.9335474437265366
        ],
        [
          0.0,
          0.0,
          0.0,
          1.0
        ]
      ]
    },
    {
      "file_path": "./images/0045.jpg",
      "sharpness": 42.03930792441709,
      "transform_matrix": [
        [
          -0.6367870571996171,
          0.10027106997151786,
          -0.7644919596289926,
          -2.8596363671014324
        ],
        [
          -0.7664843245379579,
          -0.1899427715550523,
          0.6135336370335408,
          2.2971162936384006
        ],
        [
          -0.08369004739461405,
          0.9766613825104955,
          0.19780930187269816,
          0.9745688043487105
        ],
        [
          0.0,
          0.0,
          0.0,
          1.0
        ]
      ]
    },
    {
      "file_path": "./images/0046.jpg",
      "sharpness": 70.50912132341462,
      "transform_matrix": [
        [
          -0.8442208290570703,
          0.051564350288165826,
          -0.5335094278390132,
          -1.6678447699001726
        ],
        [
          -0.5259349274970377,
          -0.2716382946865026,
          0.8059808241506268,
          3.281850235373792
        ],
        [
          -0.10336171363531385,
          0.9610170418180409,
          0.25644219917412636,
          1.1256402313090057
        ],
        [
          0.0,
          0.0,
          0.0,
          1.0
        ]
      ]
    },
    {
      "file_path": "./images/0047.jpg",
      "sharpness": 104.73788145144087,
      "transform_matrix": [
        [
          -0.9397938481777085,
          -3.178601904679605e-05,
          -0.3417418937510341,
          -1.3621037233207725
        ],
        [
          -0.32349581438463276,
          -0.3223023850830273,
          0.8896469134692959,
          3.3779544461025988
        ],
        [
          -0.11017250577248527,
          0.946636768557068,
          0.30288751610991427,
          1.2775180602527725
        ],
        [
          0.0,
          0.0,
          0.0,
          1.0
        ]
      ]
    },
    {
      "file_path": "./images/0048.jpg",
      "sharpness": 98.71311523100276,
      "transform_matrix": [
        [
          -0.9690987425295521,
          -0.03454845089192188,
          -0.2442417486757098,
          -0.9261827528391761
        ],
        [
          -0.21679827794050313,
          -0.35303324253452323,
          0.9101461620792689,
          3.9957997802335448
        ],
        [
          -0.11766959648235481,
          0.9349726917031885,
          0.33463402675245607,
          1.4583835835508594
        ],
        [
          0.0,
          0.0,
          0.0,
          1.0
        ]
      ]
    },
    {
      "file_path": "./images/0050.jpg",
      "sharpness": 102.56854438657409,
      "transform_matrix": [
        [
          -0.9924667671332713,
          -0.07279026436613426,
          -0.09854589579023593,
          -0.28657769111088804
        ],
        [
          -0.059867940806878156,
          -0.41364072627780124,
          0.9084696908691816,
          3.6678306643000074
        ],
        [
          -0.10689034487335781,
          0.9075257169914303,
          0.4061668711251992,
          1.5030197189555834
        ],
        [
          0.0,
          0.0,
          0.0,
          1.0
        ]
      ]
    },
    {
      "file_path": "./images/0049.jpg",
      "sharpness": 103.93915649614969,
      "transform_matrix": [
        [
          -0.9857829023045704,
          -0.05669769829079417,
          -0.15816902528644283,
          -0.42199665805095266
        ],
        [
          -0.1242927446801856,
          -0.3873694134503661,
          0.9135076634287286,
          3.9907309571945486
        ],
        [
          -0.11306362443863596,
          0.9201794980084805,
          0.374815032117509,
          1.6440673206314933
        ],
        [
          0.0,
          0.0,
          0.0,
          1.0
        ]
      ]
    },
    {
      "file_path": "./images/0051.jpg",
      "sharpness": 120.04428944903718,
      "transform_matrix": [
        [
          -0.9933275920918605,
          -0.09212644531516465,
          -0.06937588118458121,
          -0.20191678847101985
        ],
        [
          -0.023387481900740494,
          -0.4281431975019503,
          0.9034082289436917,
          3.700388770740073
        ],
        [
          -0.11293060040093283,
          0.8990028478981625,
          0.4231318458727345,
          1.5148951888482873
        ],
        [
          0.0,
          0.0,
          0.0,
          1.0
        ]
      ]
    },
    {
      "file_path": "./images/0052.jpg",
      "sharpness": 45.59869932895352,
      "transform_matrix": [
        [
          -0.7522228738753718,
          0.14979116909190746,
          -0.6416567257563159,
          -1.226134371214861
        ],
        [
          -0.6571982477387873,
          -0.2406835212891578,
          0.7142561905569659,
          1.951416925544099
        ],
        [
          -0.047446930399241374,
          0.9589755201608944,
          0.2794901439325204,
          0.32088086971015267
        ],
        [
          0.0,
          0.0,
          0.0,
          1.0
        ]
      ]
    },
    {
      "file_path": "./images/0053.jpg",
      "sharpness": 58.05360673192913,
      "transform_matrix": [
        [
          -0.7398659809676331,
          0.14258581309963703,
          -0.6574706199801451,
          -1.3959662063210043
        ],
        [
          -0.6707760524798754,
          -0.23123896595069507,
          0.7046900226664191,
          1.8038049419020656
        ],
        [
          -0.05155402644207822,
          0.9623917219899721,
          0.26672899323165994,
          0.3260467978582738
        ],
        [
          0.0,
          0.0,
          0.0,
          1.0
        ]
      ]
    },
    {
      "file_path": "./images/0059.jpg",
      "sharpness": 26.68743634017294,
      "transform_matrix": [
        [
          -0.299680593978951,
          0.17798499677924554,
          -0.9372901805425436,
          -2.4725077421078514
        ],
        [
          -0.9534742290640561,
          -0.08969234788795025,
          0.2878231700907345,
          0.8694649971253087
        ],
        [
          -0.032839550943589944,
          0.9799370508758083,
          0.1965831636794874,
          0.3931112588727637
        ],
        [
          0.0,
          0.0,
          0.0,
          1.0
        ]
      ]
    },
    {
      "file_path": "./images/0056.jpg",
      "sharpness": 50.90530942964044,
      "transform_matrix": [
        [
          -0.6375951175431376,
          0.08629639040943929,
          -0.7655229579281168,
          -2.2506909124904033
        ],
        [
          -0.7685580215910511,
          -0.13940069914185127,
          0.6244085301522085,
          1.3784401432503217
        ],
        [
          -0.052830233251318304,
          0.9864686402050987,
          0.15520498823847192,
          0.8629333254483945
        ],
        [
          0.0,
          0.0,
          0.0,
          1.0
        ]
      ]
    },
    {
      "file_path": "./images/0057.jpg",
      "sharpness": 53.35941097341756,
      "transform_matrix": [
        [
          -0.5615230256736613,
          0.0887874558911423,
          -0.8226838270819687,
          -2.3990426218511294
        ],
        [
          -0.826730773667171,
          -0.10196193666161388,
          0.5532811142122275,
          1.4232126542775447
        ],
        [
          -0.034758013745945664,
          0.9908181221474895,
          0.13065729727859954,
          0.6149860685073307
        ],
        [
          0.0,
          0.0,
          0.0,
          1.0
        ]
      ]
    },
    {
      "file_path": "./images/0060.jpg",
      "sharpness": 16.626114486491772,
      "transform_matrix": [
        [
          -0.10405362073915683,
          0.19062421899194623,
          -0.9761328040652774,
          -2.338350727112868
        ],
        [
          -0.9938484487594861,
          -0.057351328535835,
          0.09474220819448363,
          0.6274281385795113
        ],
        [
          -0.037922353697907814,
          0.979986342902983,
          0.19541919772948896,
          0.16392649745266025
        ],
        [
          0.0,
          0.0,
          0.0,
          1.0
        ]
      ]
    },
    {
      "file_path": "./images/0058.jpg",
      "sharpness": 33.61755295901621,
      "transform_matrix": [
        [
          -0.42826342759647856,
          0.1435583009159777,
          -0.8921779255557676,
          -2.4986674825997466
        ],
        [
          -0.9033622639008195,
          -0.09309657828401359,
          0.41865217934679877,
          1.2936739575022136
        ],
        [
          -0.022957716547973735,
          0.985253287930191,
          0.1695550114306284,
          0.4722858314868565
        ],
        [
          0.0,
          0.0,
          0.0,
          1.0
        ]
      ]
    },
    {
      "file_path": "./images/0055.jpg",
      "sharpness": 51.040743006492804,
      "transform_matrix": [
        [
          -0.6837278528077368,
          0.09938781347961595,
          -0.7229372627373849,
          -2.017097432498337
        ],
        [
          -0.7272227553545889,
          -0.17496875495755745,
          0.6637265994994564,
          1.467839921018085
        ],
        [
          -0.0605250973010731,
          0.9795447908835294,
          0.19190809070288803,
          0.7803018437806261
        ],
        [
          0.0,
          0.0,
          0.0,
          1.0
        ]
      ]
    },
    {
      "file_path": "./images/0054.jpg",
      "sharpness": 52.7185992010218,
      "transform_matrix": [
        [
          -0.7150426400874555,
          0.10593939121247546,
          -0.6910071405375277,
          -1.8505948526453309
        ],
        [
          -0.6960934703035939,
          -0.1991775092300166,
          0.6897696720048335,
